# End points of segments: 
#   0.00000000 0.24168370 0.36252550 0.44797360 0.70431790 0.91362210 
0.000000 -0.000000
0.002417 0.095222
0.004834 0.190246
0.007251 0.284876
0.009667 0.378917
0.012084 0.472179
0.014501 0.564476
0.016918 0.655631
0.019335 0.745471
0.021752 0.833833
0.024168 0.920565
0.026585 1.005525
0.029002 1.088582
0.031419 1.169619
0.033836 1.248534
0.036253 1.325238
0.038669 1.399657
0.041086 1.471736
0.043503 1.541435
0.045920 1.608731
0.048337 1.673620
0.050754 1.736116
0.053170 1.796251
0.055587 1.854073
0.058004 1.909651
0.060421 1.963070
0.062838 2.014432
0.065255 2.063855
0.067671 2.111472
0.070088 2.157428
0.072505 2.201884
0.074922 2.245006
0.077339 2.286974
0.079756 2.327970
0.082172 2.368182
0.084589 2.407797
0.087006 2.447002
0.089423 2.485981
0.091840 2.524907
0.094257 2.563947
0.096673 2.603253
0.099090 2.642965
0.101507 2.683202
0.103924 2.724068
0.106341 2.765643
0.108758 2.807987
0.111174 2.851138
0.113591 2.895109
0.116008 2.939894
0.118425 2.985460
0.120842 3.031757
0.123259 3.078713
0.125675 3.126236
0.128092 3.174222
0.130509 3.222546
0.132926 3.271076
0.135343 3.319667
0.137760 3.368167
0.140177 3.416417
0.142593 3.464255
0.145010 3.511520
0.147427 3.558049
0.149844 3.603682
0.152261 3.648267
0.154678 3.691654
0.157094 3.733705
0.159511 3.774290
0.161928 3.813289
0.164345 3.850594
0.166762 3.886113
0.169179 3.919764
0.171595 3.951482
0.174012 3.981215
0.176429 4.008928
0.178846 4.034600
0.181263 4.058227
0.183680 4.079819
0.186096 4.099403
0.188513 4.117019
0.190930 4.132721
0.193347 4.146578
0.195764 4.158670
0.198181 4.169090
0.200598 4.177939
0.203014 4.185329
0.205431 4.191377
0.207848 4.196210
0.210265 4.199955
0.212682 4.202743
0.215098 4.204707
0.217515 4.205977
0.219932 4.206680
0.222349 4.206937
0.224766 4.206866
0.227183 4.206570
0.229600 4.206148
0.232016 4.205683
0.234433 4.205245
0.236850 4.204891
0.239267 4.204663
0.241684 4.204584

0.241684 2.448334
0.242892 2.448527
0.244100 2.449106
0.245309 2.450067
0.246517 2.451407
0.247726 2.453117
0.248934 2.455191
0.250143 2.457616
0.251351 2.460383
0.252559 2.463476
0.253768 2.466881
0.254976 2.470581
0.256185 2.474558
0.257393 2.478792
0.258601 2.483264
0.259810 2.487950
0.261018 2.492830
0.262227 2.497879
0.263435 2.503073
0.264644 2.508387
0.265852 2.513796
0.267060 2.519274
0.268269 2.524796
0.269477 2.530335
0.270686 2.535865
0.271894 2.541359
0.273103 2.546793
0.274311 2.552139
0.275519 2.557374
0.276728 2.562471
0.277936 2.567408
0.279145 2.572159
0.280353 2.576702
0.281562 2.581015
0.282770 2.585077
0.283978 2.588866
0.285187 2.592364
0.286395 2.595552
0.287604 2.598414
0.288812 2.600932
0.290020 2.603092
0.291229 2.604880
0.292437 2.606284
0.293646 2.607292
0.294854 2.607896
0.296063 2.608086
0.297271 2.607855
0.298479 2.607199
0.299688 2.606112
0.300896 2.604593
0.302105 2.602640
0.303313 2.600253
0.304521 2.597435
0.305730 2.594187
0.306938 2.590517
0.308147 2.586429
0.309355 2.581931
0.310563 2.577033
0.311772 2.571745
0.312980 2.566080
0.314189 2.560050
0.315397 2.553673
0.316606 2.546963
0.317814 2.539938
0.319022 2.532618
0.320231 2.525023
0.321439 2.517175
0.322648 2.509096
0.323856 2.500811
0.325064 2.492345
0.326273 2.483723
0.327481 2.474973
0.328690 2.466122
0.329898 2.457201
0.331107 2.448237
0.332315 2.439261
0.333523 2.430303
0.334732 2.421395
0.335940 2.412568
0.337149 2.403852
0.338357 2.395281
0.339566 2.386883
0.340774 2.378692
0.341982 2.370738
0.343191 2.363051
0.344399 2.355660
0.345608 2.348594
0.346816 2.341882
0.348025 2.335549
0.349233 2.329622
0.350441 2.324124
0.351650 2.319078
0.352858 2.314504
0.354067 2.310422
0.355275 2.306849
0.356483 2.303799
0.357692 2.301286
0.358900 2.299321
0.360109 2.297910
0.361317 2.297062
0.362526 2.296779

0.362526 2.296779
0.363380 2.296824
0.364235 2.296957
0.365089 2.297175
0.365943 2.297474
0.366798 2.297849
0.367652 2.298297
0.368507 2.298813
0.369361 2.299393
0.370216 2.300031
0.371070 2.300724
0.371925 2.301466
0.372779 2.302252
0.373634 2.303077
0.374488 2.303936
0.375343 2.304823
0.376197 2.305734
0.377052 2.306663
0.377906 2.307606
0.378761 2.308556
0.379615 2.309509
0.380470 2.310459
0.381324 2.311403
0.382179 2.312334
0.383033 2.313250
0.383887 2.314144
0.384742 2.315014
0.385597 2.315855
0.386451 2.316663
0.387306 2.317435
0.388160 2.318167
0.389014 2.318857
0.389869 2.319503
0.390723 2.320100
0.391578 2.320649
0.392432 2.321147
0.393287 2.321591
0.394141 2.321983
0.394996 2.322319
0.395850 2.322601
0.396705 2.322827
0.397559 2.322998
0.398414 2.323114
0.399268 2.323175
0.400123 2.323182
0.400977 2.323137
0.401832 2.323041
0.402686 2.322894
0.403541 2.322699
0.404395 2.322458
0.405250 2.322171
0.406104 2.321842
0.406959 2.321473
0.407813 2.321065
0.408668 2.320621
0.409522 2.320144
0.410376 2.319636
0.411231 2.319099
0.412085 2.318536
0.412940 2.317949
0.413794 2.317341
0.414649 2.316715
0.415503 2.316072
0.416358 2.315416
0.417212 2.314749
0.418067 2.314073
0.418921 2.313390
0.419776 2.312703
0.420630 2.312014
0.421485 2.311325
0.422339 2.310638
0.423194 2.309956
0.424048 2.309279
0.424903 2.308610
0.425757 2.307951
0.426612 2.307304
0.427466 2.306669
0.428320 2.306049
0.429175 2.305446
0.430030 2.304859
0.430884 2.304292
0.431739 2.303744
0.432593 2.303218
0.433447 2.302714
0.434302 2.302234
0.435156 2.301778
0.436011 2.301347
0.436865 2.300943
0.437720 2.300565
0.438574 2.300216
0.439429 2.299894
0.440283 2.299601
0.441138 2.299338
0.441992 2.299104
0.442847 2.298901
0.443701 2.298729
0.444556 2.298587
0.445410 2.298477
0.446265 2.298398
0.447119 2.298351
0.447974 2.298335

0.447974 2.298335
0.450537 2.287018
0.453101 2.275169
0.455664 2.262780
0.458227 2.249846
0.460791 2.236359
0.463354 2.222314
0.465918 2.207708
0.468481 2.192538
0.471045 2.176800
0.473608 2.160494
0.476172 2.143620
0.478735 2.126177
0.481298 2.108169
0.483862 2.089597
0.486425 2.070465
0.488989 2.050778
0.491552 2.030542
0.494116 2.009763
0.496679 1.988450
0.499242 1.966610
0.501806 1.944254
0.504369 1.921392
0.506933 1.898035
0.509496 1.874196
0.512060 1.849889
0.514623 1.825126
0.517187 1.799924
0.519750 1.774298
0.522313 1.748264
0.524877 1.721839
0.527440 1.695041
0.530004 1.667889
0.532567 1.640401
0.535131 1.612598
0.537694 1.584498
0.540257 1.556124
0.542821 1.527496
0.545384 1.498634
0.547948 1.469562
0.550511 1.440300
0.553075 1.410872
0.555638 1.381299
0.558202 1.351605
0.560765 1.321811
0.563329 1.291942
0.565892 1.262020
0.568455 1.232067
0.571019 1.202106
0.573582 1.172161
0.576146 1.142253
0.578709 1.112404
0.581273 1.082638
0.583836 1.052975
0.586399 1.023437
0.588963 0.994045
0.591526 0.964819
0.594090 0.935780
0.596653 0.906946
0.599217 0.878338
0.601780 0.849973
0.604344 0.821869
0.606907 0.794042
0.609471 0.766510
0.612034 0.739287
0.614597 0.712388
0.617161 0.685826
0.619724 0.659615
0.622288 0.633765
0.624851 0.608288
0.627415 0.583193
0.629978 0.558488
0.632541 0.534181
0.635105 0.510277
0.637668 0.486782
0.640232 0.463698
0.642795 0.441027
0.645359 0.418771
0.647922 0.396928
0.650486 0.375496
0.653049 0.354472
0.655613 0.333849
0.658176 0.313621
0.660739 0.293779
0.663303 0.274314
0.665866 0.255213
0.668430 0.236464
0.670993 0.218051
0.673557 0.199958
0.676120 0.182167
0.678683 0.164660
0.681247 0.147414
0.683810 0.130408
0.686374 0.113619
0.688937 0.097023
0.691501 0.080593
0.694064 0.064304
0.696627 0.048128
0.699191 0.032037
0.701754 0.016004
0.704318 0.000000

0.704318 -0.000000
0.706411 0.026289
0.708504 0.052573
0.710597 0.078849
0.712690 0.105111
0.714783 0.131355
0.716876 0.157577
0.718969 0.183773
0.721062 0.209937
0.723155 0.236066
0.725248 0.262154
0.727341 0.288197
0.729434 0.314191
0.731527 0.340131
0.733620 0.366012
0.735714 0.391829
0.737807 0.417578
0.739900 0.443253
0.741993 0.468850
0.744086 0.494365
0.746179 0.519791
0.748272 0.545124
0.750365 0.570359
0.752458 0.595490
0.754551 0.620513
0.756644 0.645422
0.758737 0.670212
0.760830 0.694877
0.762923 0.719412
0.765016 0.743811
0.767109 0.768069
0.769202 0.792179
0.771295 0.816138
0.773388 0.839937
0.775481 0.863573
0.777574 0.887038
0.779667 0.910327
0.781760 0.933434
0.783853 0.956353
0.785946 0.979077
0.788040 1.001602
0.790133 1.023919
0.792226 1.046024
0.794319 1.067909
0.796412 1.089569
0.798505 1.110998
0.800598 1.132188
0.802691 1.153134
0.804784 1.173829
0.806877 1.194267
0.808970 1.214442
0.811063 1.234346
0.813156 1.253974
0.815249 1.273320
0.817342 1.292376
0.819435 1.311136
0.821528 1.329595
0.823621 1.347746
0.825714 1.365582
0.827807 1.383097
0.829900 1.400286
0.831993 1.417142
0.834086 1.433658
0.836179 1.449830
0.838273 1.465651
0.840366 1.481114
0.842459 1.496215
0.844552 1.510948
0.846645 1.525306
0.848738 1.539285
0.850831 1.552880
0.852924 1.566083
0.855017 1.578892
0.857110 1.591300
0.859203 1.603302
0.861296 1.614894
0.863389 1.626071
0.865482 1.636829
0.867575 1.647163
0.869668 1.657068
0.871761 1.666541
0.873854 1.675578
0.875947 1.684175
0.878040 1.692328
0.880133 1.700034
0.882226 1.707290
0.884320 1.714093
0.886413 1.720439
0.888506 1.726326
0.890599 1.731752
0.892692 1.736714
0.894785 1.741209
0.896878 1.745237
0.898971 1.748795
0.901064 1.751882
0.903157 1.754496
0.905250 1.756637
0.907343 1.758302
0.909436 1.759493
0.911529 1.760207
0.913622 1.760445


0.000000 0.000000
0.002417 0.048053
0.004834 0.096079
0.007251 0.144053
0.009667 0.191950
0.012084 0.239742
0.014501 0.287405
0.016918 0.334913
0.019335 0.382240
0.021752 0.429363
0.024168 0.476255
0.026585 0.522893
0.029002 0.569253
0.031419 0.615312
0.033836 0.661045
0.036253 0.706431
0.038669 0.751448
0.041086 0.796073
0.043503 0.840287
0.045920 0.884068
0.048337 0.927396
0.050754 0.970254
0.053170 1.012621
0.055587 1.054481
0.058004 1.095816
0.060421 1.136610
0.062838 1.176848
0.065255 1.216513
0.067671 1.255593
0.070088 1.294074
0.072505 1.331943
0.074922 1.369188
0.077339 1.405799
0.079756 1.441765
0.082172 1.477078
0.084589 1.511727
0.087006 1.545707
0.089423 1.579009
0.091840 1.611627
0.094257 1.643556
0.096673 1.674792
0.099090 1.705331
0.101507 1.735169
0.103924 1.764305
0.106341 1.792736
0.108758 1.820463
0.111174 1.847485
0.113591 1.873802
0.116008 1.899417
0.118425 1.924331
0.120842 1.948547
0.123259 1.972068
0.125675 1.994899
0.128092 2.017043
0.130509 2.038507
0.132926 2.059296
0.135343 2.079416
0.137760 2.098875
0.140177 2.117679
0.142593 2.135836
0.145010 2.153356
0.147427 2.170245
0.149844 2.186514
0.152261 2.202172
0.154678 2.217229
0.157094 2.231695
0.159511 2.245580
0.161928 2.258895
0.164345 2.271651
0.166762 2.283859
0.169179 2.295530
0.171595 2.306675
0.174012 2.317306
0.176429 2.327435
0.178846 2.337072
0.181263 2.346229
0.183680 2.354918
0.186096 2.363150
0.188513 2.370936
0.190930 2.378287
0.193347 2.385214
0.195764 2.391727
0.198181 2.397838
0.200598 2.403556
0.203014 2.408890
0.205431 2.413851
0.207848 2.418446
0.210265 2.422686
0.212682 2.426577
0.215098 2.430127
0.217515 2.433344
0.219932 2.436234
0.222349 2.438804
0.224766 2.441058
0.227183 2.443001
0.229600 2.444638
0.232016 2.445973
0.234433 2.447007
0.236850 2.447745
0.239267 2.448187
0.241684 2.448334

0.241684 2.448334
0.242892 2.448422
0.244100 2.448688
0.245309 2.449130
0.246517 2.449750
0.247726 2.450546
0.248934 2.451519
0.250143 2.452670
0.251351 2.453997
0.252559 2.455501
0.253768 2.457183
0.254976 2.459041
0.256185 2.461077
0.257393 2.463290
0.258601 2.465679
0.259810 2.468246
0.261018 2.470990
0.262227 2.473911
0.263435 2.477009
0.264644 2.480284
0.265852 2.483736
0.267060 2.487365
0.268269 2.491171
0.269477 2.495153
0.270686 2.499312
0.271894 2.503648
0.273103 2.508160
0.274311 2.512849
0.275519 2.517713
0.276728 2.522753
0.277936 2.527969
0.279145 2.533361
0.280353 2.538927
0.281562 2.544668
0.282770 2.550584
0.283978 2.556673
0.285187 2.562936
0.286395 2.569373
0.287604 2.575982
0.288812 2.582763
0.290020 2.589715
0.291229 2.596838
0.292437 2.604132
0.293646 2.611595
0.294854 2.619226
0.296063 2.627026
0.297271 2.634992
0.298479 2.643125
0.299688 2.651422
0.300896 2.659884
0.302105 2.668508
0.303313 2.677294
0.304521 2.686241
0.305730 2.695347
0.306938 2.704610
0.308147 2.714031
0.309355 2.723606
0.310563 2.733335
0.311772 2.743216
0.312980 2.753248
0.314189 2.763428
0.315397 2.773755
0.316606 2.784227
0.317814 2.794842
0.319022 2.805598
0.320231 2.816493
0.321439 2.827526
0.322648 2.838693
0.323856 2.849993
0.325064 2.861423
0.326273 2.872982
0.327481 2.884666
0.328690 2.896473
0.329898 2.908401
0.331107 2.920447
0.332315 2.932608
0.333523 2.944882
0.334732 2.957266
0.335940 2.969757
0.337149 2.982352
0.338357 2.995048
0.339566 3.007843
0.340774 3.020733
0.341982 3.033715
0.343191 3.046786
0.344399 3.059942
0.345608 3.073181
0.346816 3.086500
0.348025 3.099894
0.349233 3.113360
0.350441 3.126896
0.351650 3.140497
0.352858 3.154160
0.354067 3.167881
0.355275 3.181658
0.356483 3.195485
0.357692 3.209361
0.358900 3.223280
0.360109 3.237239
0.361317 3.251234
0.362526 3.265262

0.362526 3.265262
0.363380 3.272270
0.364235 3.279248
0.365089 3.286196
0.365943 3.293113
0.366798 3.299997
0.367652 3.306849
0.368507 3.313666
0.369361 3.320448
0.370216 3.327194
0.371070 3.333903
0.371925 3.340574
0.372779 3.347205
0.373634 3.353796
0.374488 3.360346
0.375343 3.366853
0.376197 3.373317
0.377052 3.379737
0.377906 3.386112
0.378761 3.392440
0.379615 3.398721
0.380470 3.404954
0.381324 3.411138
0.382179 3.417271
0.383033 3.423354
0.383887 3.429384
0.384742 3.435361
0.385597 3.441284
0.386451 3.447151
0.387306 3.452963
0.388160 3.458718
0.389014 3.464415
0.389869 3.470053
0.390723 3.475632
0.391578 3.481150
0.392432 3.486606
0.393287 3.492000
0.394141 3.497330
0.394996 3.502597
0.395850 3.507798
0.396705 3.512933
0.397559 3.518001
0.398414 3.523002
0.399268 3.527934
0.400123 3.532797
0.400977 3.537590
0.401832 3.542312
0.402686 3.546962
0.403541 3.551539
0.404395 3.556043
0.405250 3.560473
0.406104 3.564828
0.406959 3.569108
0.407813 3.573311
0.408668 3.577438
0.409522 3.581486
0.410376 3.585457
0.411231 3.589348
0.412085 3.593159
0.412940 3.596890
0.413794 3.600539
0.414649 3.604108
0.415503 3.607593
0.416358 3.610996
0.417212 3.614316
0.418067 3.617551
0.418921 3.620701
0.419776 3.623767
0.420630 3.626747
0.421485 3.629640
0.422339 3.632447
0.423194 3.635166
0.424048 3.637798
0.424903 3.640342
0.425757 3.642797
0.426612 3.645163
0.427466 3.647440
0.428320 3.649626
0.429175 3.651723
0.430030 3.653729
0.430884 3.655644
0.431739 3.657468
0.432593 3.659200
0.433447 3.660840
0.434302 3.662388
0.435156 3.663844
0.436011 3.665207
0.436865 3.666477
0.437720 3.667653
0.438574 3.668737
0.439429 3.669727
0.440283 3.670623
0.441138 3.671425
0.441992 3.672133
0.442847 3.672747
0.443701 3.673267
0.444556 3.673692
0.445410 3.674023
0.446265 3.674259
0.447119 3.674401
0.447974 3.674449

0.447974 3.239393
0.450537 3.260964
0.453101 3.281430
0.455664 3.300788
0.458227 3.319043
0.460791 3.336207
0.463354 3.352299
0.465918 3.367346
0.468481 3.381379
0.471045 3.394434
0.473608 3.406554
0.476172 3.417784
0.478735 3.428173
0.481298 3.437774
0.483862 3.446640
0.486425 3.454826
0.488989 3.462390
0.491552 3.469386
0.494116 3.475871
0.496679 3.481897
0.499242 3.487515
0.501806 3.492774
0.504369 3.497718
0.506933 3.502388
0.509496 3.506817
0.512060 3.511035
0.514623 3.515066
0.517187 3.518926
0.519750 3.522626
0.522313 3.526166
0.524877 3.529542
0.527440 3.532742
0.530004 3.535745
0.532567 3.538522
0.535131 3.541037
0.537694 3.543247
0.540257 3.545100
0.542821 3.546540
0.545384 3.547501
0.547948 3.547913
0.550511 3.547699
0.553075 3.546778
0.555638 3.545064
0.558202 3.542465
0.560765 3.538890
0.563329 3.534241
0.565892 3.528420
0.568455 3.521327
0.571019 3.512861
0.573582 3.502921
0.576146 3.491407
0.578709 3.478219
0.581273 3.463260
0.583836 3.446434
0.586399 3.427647
0.588963 3.406811
0.591526 3.383838
0.594090 3.358648
0.596653 3.331162
0.599217 3.301309
0.601780 3.269020
0.604344 3.234235
0.606907 3.196897
0.609471 3.156956
0.612034 3.114370
0.614597 3.069101
0.617161 3.021119
0.619724 2.970401
0.622288 2.916930
0.624851 2.860696
0.627415 2.801696
0.629978 2.739936
0.632541 2.675426
0.635105 2.608186
0.637668 2.538240
0.640232 2.465621
0.642795 2.390368
0.645359 2.312528
0.647922 2.232153
0.650486 2.149302
0.653049 2.064040
0.655613 1.976439
0.658176 1.886576
0.660739 1.794536
0.663303 1.700406
0.665866 1.604280
0.668430 1.506259
0.670993 1.406445
0.673557 1.304947
0.676120 1.201878
0.678683 1.097354
0.681247 0.991496
0.683810 0.884428
0.686374 0.776276
0.688937 0.667170
0.691501 0.557241
0.694064 0.446624
0.696627 0.335453
0.699191 0.223867
0.701754 0.112003
0.704318 -0.000000

0.704318 0.000000
0.706411 0.026289
0.708504 0.052573
0.710597 0.078849
0.712690 0.105111
0.714783 0.131355
0.716876 0.157577
0.718969 0.183773
0.721062 0.209937
0.723155 0.236066
0.725248 0.262154
0.727341 0.288197
0.729434 0.314191
0.731527 0.340131
0.733620 0.366012
0.735714 0.391829
0.737807 0.417578
0.739900 0.443253
0.741993 0.468850
0.744086 0.494365
0.746179 0.519791
0.748272 0.545124
0.750365 0.570359
0.752458 0.595490
0.754551 0.620513
0.756644 0.645422
0.758737 0.670212
0.760830 0.694877
0.762923 0.719412
0.765016 0.743811
0.767109 0.768069
0.769202 0.792179
0.771295 0.816138
0.773388 0.839937
0.775481 0.863573
0.777574 0.887038
0.779667 0.910327
0.781760 0.933434
0.783853 0.956353
0.785946 0.979077
0.788040 1.001601
0.790133 1.023919
0.792226 1.046024
0.794319 1.067909
0.796412 1.089569
0.798505 1.110998
0.800598 1.132188
0.802691 1.153134
0.804784 1.173829
0.806877 1.194267
0.808970 1.214442
0.811063 1.234346
0.813156 1.253974
0.815249 1.273320
0.817342 1.292376
0.819435 1.311136
0.821528 1.329595
0.823621 1.347746
0.825714 1.365582
0.827807 1.383097
0.829900 1.400286
0.831993 1.417142
0.834086 1.433658
0.836179 1.449830
0.838273 1.465651
0.840366 1.481114
0.842459 1.496215
0.844552 1.510948
0.846645 1.525306
0.848738 1.539285
0.850831 1.552880
0.852924 1.566083
0.855017 1.578892
0.857110 1.591300
0.859203 1.603302
0.861296 1.614894
0.863389 1.626071
0.865482 1.636829
0.867575 1.647163
0.869668 1.657068
0.871761 1.666541
0.873854 1.675578
0.875947 1.684175
0.878040 1.692328
0.880133 1.700034
0.882226 1.707290
0.884320 1.714093
0.886413 1.720439
0.888506 1.726326
0.890599 1.731752
0.892692 1.736714
0.894785 1.741209
0.896878 1.745237
0.898971 1.748795
0.901064 1.751882
0.903157 1.754496
0.905250 1.756637
0.907343 1.758302
0.909436 1.759493
0.911529 1.760207
0.913622 1.760445


0.000000 0.000000
0.002417 0.048053
0.004834 0.096079
0.007251 0.144053
0.009667 0.191950
0.012084 0.239742
0.014501 0.287405
0.016918 0.334913
0.019335 0.382240
0.021752 0.429363
0.024168 0.476255
0.026585 0.522893
0.029002 0.569253
0.031419 0.615312
0.033836 0.661045
0.036253 0.706431
0.038669 0.751448
0.041086 0.796073
0.043503 0.840287
0.045920 0.884068
0.048337 0.927396
0.050754 0.970254
0.053170 1.012621
0.055587 1.054481
0.058004 1.095816
0.060421 1.136610
0.062838 1.176848
0.065255 1.216513
0.067671 1.255593
0.070088 1.294074
0.072505 1.331943
0.074922 1.369188
0.077339 1.405799
0.079756 1.441765
0.082172 1.477078
0.084589 1.511727
0.087006 1.545707
0.089423 1.579009
0.091840 1.611627
0.094257 1.643556
0.096673 1.674792
0.099090 1.705331
0.101507 1.735169
0.103924 1.764305
0.106341 1.792736
0.108758 1.820463
0.111174 1.847485
0.113591 1.873802
0.116008 1.899417
0.118425 1.924331
0.120842 1.948547
0.123259 1.972068
0.125675 1.994899
0.128092 2.017043
0.130509 2.038507
0.132926 2.059296
0.135343 2.079416
0.137760 2.098875
0.140177 2.117679
0.142593 2.135836
0.145010 2.153356
0.147427 2.170245
0.149844 2.186514
0.152261 2.202172
0.154678 2.217229
0.157094 2.231695
0.159511 2.245580
0.161928 2.258895
0.164345 2.271651
0.166762 2.283859
0.169179 2.295530
0.171595 2.306675
0.174012 2.317306
0.176429 2.327435
0.178846 2.337072
0.181263 2.346229
0.183680 2.354918
0.186096 2.363150
0.188513 2.370936
0.190930 2.378287
0.193347 2.385214
0.195764 2.391727
0.198181 2.397838
0.200598 2.403556
0.203014 2.408890
0.205431 2.413851
0.207848 2.418446
0.210265 2.422686
0.212682 2.426577
0.215098 2.430127
0.217515 2.433344
0.219932 2.436234
0.222349 2.438804
0.224766 2.441058
0.227183 2.443001
0.229600 2.444638
0.232016 2.445973
0.234433 2.447007
0.236850 2.447745
0.239267 2.448187
0.241684 2.448334

0.241684 4.204584
0.242892 4.204463
0.244100 4.204103
0.245309 4.203503
0.246517 4.202662
0.247726 4.201582
0.248934 4.200263
0.250143 4.198705
0.251351 4.196908
0.252559 4.194873
0.253768 4.192601
0.254976 4.190092
0.256185 4.187346
0.257393 4.184366
0.258601 4.181151
0.259810 4.177702
0.261018 4.174021
0.262227 4.170108
0.263435 4.165965
0.264644 4.161593
0.265852 4.156993
0.267060 4.152166
0.268269 4.147114
0.269477 4.141838
0.270686 4.136340
0.271894 4.130621
0.273103 4.124682
0.274311 4.118527
0.275519 4.112156
0.276728 4.105571
0.277936 4.098774
0.279145 4.091767
0.280353 4.084552
0.281562 4.077132
0.282770 4.069507
0.283978 4.061681
0.285187 4.053656
0.286395 4.045433
0.287604 4.037016
0.288812 4.028407
0.290020 4.019608
0.291229 4.010622
0.292437 4.001451
0.293646 3.992099
0.294854 3.982567
0.296063 3.972858
0.297271 3.962976
0.298479 3.952923
0.299688 3.942703
0.300896 3.932317
0.302105 3.921769
0.303313 3.911062
0.304521 3.900200
0.305730 3.889185
0.306938 3.878020
0.308147 3.866710
0.309355 3.855256
0.310563 3.843663
0.311772 3.831933
0.312980 3.820071
0.314189 3.808079
0.315397 3.795961
0.316606 3.783721
0.317814 3.771362
0.319022 3.758888
0.320231 3.746302
0.321439 3.733608
0.322648 3.720810
0.323856 3.707912
0.325064 3.694916
0.326273 3.681827
0.327481 3.668650
0.328690 3.655386
0.329898 3.642041
0.331107 3.628619
0.332315 3.615122
0.333523 3.601555
0.334732 3.587923
0.335940 3.574228
0.337149 3.560475
0.338357 3.546667
0.339566 3.532810
0.340774 3.518906
0.341982 3.504960
0.343191 3.490975
0.344399 3.476956
0.345608 3.462907
0.346816 3.448832
0.348025 3.434734
0.349233 3.420617
0.350441 3.406487
0.351650 3.392346
0.352858 3.378198
0.354067 3.364049
0.355275 3.349900
0.356483 3.335757
0.357692 3.321624
0.358900 3.307504
0.360109 3.293401
0.361317 3.279319
0.362526 3.265262

0.362526 3.265262
0.363380 3.258306
0.364235 3.251485
0.365089 3.244804
0.365943 3.238266
0.366798 3.231877
0.367652 3.225642
0.368507 3.219565
0.369361 3.213650
0.370216 3.207902
0.371070 3.202325
0.371925 3.196924
0.372779 3.191702
0.373634 3.186663
0.374488 3.181811
0.375343 3.177149
0.376197 3.172681
0.377052 3.168410
0.377906 3.164339
0.378761 3.160470
0.379615 3.156806
0.380470 3.153349
0.381324 3.150100
0.382179 3.147063
0.383033 3.144236
0.383887 3.141622
0.384742 3.139222
0.385597 3.137034
0.386451 3.135059
0.387306 3.133297
0.388160 3.131746
0.389014 3.130405
0.389869 3.129272
0.390723 3.128345
0.391578 3.127622
0.392432 3.127100
0.393287 3.126775
0.394141 3.126644
0.394996 3.126703
0.395850 3.126946
0.396705 3.127371
0.397559 3.127970
0.398414 3.128740
0.399268 3.129673
0.400123 3.130765
0.400977 3.132010
0.401832 3.133400
0.402686 3.134929
0.403541 3.136590
0.404395 3.138377
0.405250 3.140281
0.406104 3.142297
0.406959 3.144416
0.407813 3.146631
0.408668 3.148935
0.409522 3.151319
0.410376 3.153778
0.411231 3.156303
0.412085 3.158886
0.412940 3.161520
0.413794 3.164198
0.414649 3.166913
0.415503 3.169657
0.416358 3.172423
0.417212 3.175204
0.418067 3.177993
0.418921 3.180784
0.419776 3.183569
0.420630 3.186342
0.421485 3.189098
0.422339 3.191829
0.423194 3.194529
0.424048 3.197194
0.424903 3.199817
0.425757 3.202392
0.426612 3.204915
0.427466 3.207380
0.428320 3.209783
0.429175 3.212118
0.430030 3.214381
0.430884 3.216568
0.431739 3.218675
0.432593 3.220697
0.433447 3.222632
0.434302 3.224474
0.435156 3.226222
0.436011 3.227872
0.436865 3.229421
0.437720 3.230865
0.438574 3.232204
0.439429 3.233434
0.440283 3.234553
0.441138 3.235560
0.441992 3.236452
0.442847 3.237228
0.443701 3.237888
0.444556 3.238428
0.445410 3.238850
0.446265 3.239152
0.447119 3.239333
0.447974 3.239393

0.447974 3.674449
0.450537 3.646314
0.453101 3.617795
0.455664 3.588922
0.458227 3.559725
0.460791 3.530233
0.463354 3.500475
0.465918 3.470480
0.468481 3.440275
0.471045 3.409886
0.473608 3.379339
0.476172 3.348659
0.478735 3.317870
0.481298 3.286994
0.483862 3.256052
0.486425 3.225064
0.488989 3.194050
0.491552 3.163025
0.494116 3.132005
0.496679 3.101004
0.499242 3.070035
0.501806 3.039108
0.504369 3.008232
0.506933 2.977415
0.509496 2.946661
0.512060 2.915976
0.514623 2.885359
0.517187 2.854813
0.519750 2.824334
0.522313 2.793921
0.524877 2.763568
0.527440 2.733269
0.530004 2.703016
0.532567 2.672799
0.535131 2.642607
0.537694 2.612427
0.540257 2.582247
0.542821 2.552050
0.545384 2.521822
0.547948 2.491544
0.550511 2.461199
0.553075 2.430769
0.555638 2.400233
0.558202 2.369571
0.560765 2.338764
0.563329 2.307789
0.565892 2.276626
0.568455 2.245254
0.571019 2.213651
0.573582 2.181796
0.576146 2.149668
0.578709 2.117245
0.581273 2.084509
0.583836 2.051438
0.586399 2.018015
0.588963 1.984219
0.591526 1.950034
0.594090 1.915442
0.596653 1.880428
0.599217 1.844976
0.601780 1.809073
0.604344 1.772705
0.606907 1.735862
0.609471 1.698533
0.612034 1.660709
0.614597 1.622381
0.617161 1.583544
0.619724 1.544191
0.622288 1.504321
0.624851 1.463929
0.627415 1.423015
0.629978 1.381579
0.632541 1.339624
0.635105 1.297151
0.637668 1.254167
0.640232 1.210676
0.642795 1.166685
0.645359 1.122204
0.647922 1.077242
0.650486 1.031811
0.653049 0.985922
0.655613 0.939588
0.658176 0.892826
0.660739 0.845649
0.663303 0.798076
0.665866 0.750124
0.668430 0.701812
0.670993 0.653160
0.673557 0.604187
0.676120 0.554917
0.678683 0.505369
0.681247 0.455569
0.683810 0.405539
0.686374 0.355302
0.688937 0.304885
0.691501 0.254311
0.694064 0.203607
0.696627 0.152797
0.699191 0.101909
0.701754 0.050968
0.704318 0.000000

0.704318 0.000000
0.706411 0.094262
0.708504 0.188465
0.710597 0.282550
0.712690 0.376461
0.714783 0.470138
0.716876 0.563524
0.718969 0.656560
0.721062 0.749191
0.723155 0.841360
0.725248 0.933009
0.727341 1.024085
0.729434 1.114532
0.731527 1.204297
0.733620 1.293326
0.735714 1.381568
0.737807 1.468970
0.739900 1.555483
0.741993 1.641058
0.744086 1.725646
0.746179 1.809202
0.748272 1.891679
0.750365 1.973033
0.752458 2.053223
0.754551 2.132205
0.756644 2.209941
0.758737 2.286393
0.760830 2.361523
0.762923 2.435297
0.765016 2.507682
0.767109 2.578646
0.769202 2.648158
0.771295 2.716193
0.773388 2.782722
0.775481 2.847723
0.777574 2.911173
0.779667 2.973052
0.781760 3.033341
0.783853 3.092026
0.785946 3.149091
0.788040 3.204524
0.790133 3.258317
0.792226 3.310461
0.794319 3.360950
0.796412 3.409782
0.798505 3.456955
0.800598 3.502470
0.802691 3.546331
0.804784 3.588542
0.806877 3.629111
0.808970 3.668049
0.811063 3.705366
0.813156 3.741077
0.815249 3.775199
0.817342 3.807748
0.819435 3.838747
0.821528 3.868216
0.823621 3.896180
0.825714 3.922667
0.827807 3.947703
0.829900 3.971320
0.831993 3.993548
0.834086 4.014422
0.836179 4.033976
0.838273 4.052248
0.840366 4.069277
0.842459 4.085101
0.844552 4.099762
0.846645 4.113302
0.848738 4.125764
0.850831 4.137194
0.852924 4.147636
0.855017 4.157136
0.857110 4.165740
0.859203 4.173497
0.861296 4.180453
0.863389 4.186656
0.865482 4.192153
0.867575 4.196992
0.869668 4.201221
0.871761 4.204885
0.873854 4.208031
0.875947 4.210704
0.878040 4.212949
0.880133 4.214808
0.882226 4.216323
0.884320 4.217535
0.886413 4.218483
0.888506 4.219202
0.890599 4.219728
0.892692 4.220094
0.894785 4.220329
0.896878 4.220462
0.898971 4.220518
0.901064 4.220520
0.903157 4.220487
0.905250 4.220437
0.907343 4.220383
0.909436 4.220337
0.911529 4.220306
0.913622 4.220295


