0.00000000 0.01102165
0.00277191 0.18272237
0.00554382 0.36470710
0.00831573 0.54632660
0.01108764 0.72726398
0.01385955 0.90727359
0.01663146 1.08612731
0.01940337 1.26360819
0.02217528 1.43950987
0.02494719 1.61363740
0.02771910 1.78580820
0.03049101 1.95585326
0.03326291 2.12361811
0.03603482 2.28896385
0.03880673 2.45176799
0.04157864 2.61192517
0.04435055 2.76934776
0.04712246 2.92396630
0.04989437 3.07572973
0.05266628 3.22460553
0.05543819 3.37057964
0.05821010 3.51365613
0.06098201 3.65385682
0.06375392 3.79122059
0.06652583 3.92580257
0.06929774 4.05767312
0.07206965 4.18691659
0.07484156 4.31363001
0.07761347 4.43792153
0.08038538 4.55990875
0.08315729 4.67971693
0.08592920 4.79747708
0.08870111 4.91332398
0.09147302 5.02739418
0.09424493 5.13982390
0.09701683 5.25074703
0.09978874 5.36029311
0.10256065 5.46858542
0.10533256 5.57573915
0.10810447 5.68185971
0.11087638 5.78704125
0.11364829 5.89136529
0.11642020 5.99489966
0.11919211 6.09769757
0.12196402 6.19979701
0.12473593 6.30122035
0.12750784 6.40197417
0.13027975 6.50204944
0.13305166 6.60142180
0.13582357 6.70005220
0.13859548 6.79788766
0.14136739 6.89486226
0.14413930 6.99089831
0.14691121 7.08590762
0.14968312 7.17979295
0.15245503 7.27244948
0.15522694 7.36376642
0.15799885 7.45362857
0.16077075 7.54191797
0.16354266 7.62851549
0.16631457 7.71330237
0.16908648 7.79616177
0.17185839 7.87698016
0.17463030 7.95564862
0.17740221 8.03206413
0.18017412 8.10613060
0.18294603 8.17775985
0.18571794 8.24687239
0.18848985 8.31339815
0.19126176 8.37727691
0.19403367 8.43845870
0.19680558 8.49690395
0.19957749 8.55258355
0.20234940 8.60547873
0.20512131 8.65558078
0.20789322 8.70289062
0.21066513 8.74741829
0.21343704 8.78918226
0.21620895 8.82820862
0.21898086 8.86453027
0.22175277 8.89818585
0.22452467 8.92921881
0.22729658 8.95767621
0.23006849 8.98360767
0.23284040 9.00706422
0.23561231 9.02809709
0.23838422 9.04675667
0.24115613 9.06309135
0.24392804 9.07714655
0.24669995 9.08896372
0.24947186 9.09857951
0.25224377 9.10602497
0.25501568 9.11132497
0.25778759 9.11449761
0.26055950 9.11555392

0.26055950 9.11555392
0.26335107 9.11410721
0.26614263 9.10977123
0.26893420 9.10255851
0.27172577 9.09248978
0.27451733 9.07959395
0.27730890 9.06390791
0.28010046 9.04547628
0.28289203 9.02435122
0.28568360 9.00059210
0.28847516 8.97426511
0.29126673 8.94544290
0.29405830 8.91420413
0.29684986 8.88063292
0.29964143 8.84481838
0.30243300 8.80685394
0.30522456 8.76683675
0.30801613 8.72486701
0.31080770 8.68104721
0.31359926 8.63548141
0.31639083 8.58827443
0.31918240 8.53953103
0.32197396 8.48935511
0.32476553 8.43784881
0.32755709 8.38511173
0.33034866 8.33124002
0.33314023 8.27632558
0.33593179 8.22045526
0.33872336 8.16371009
0.34151493 8.10616454
0.34430649 8.04788592
0.34709806 7.98893372
0.34988963 7.92935918
0.35268119 7.86920482

0.35268119 7.86920482
0.35544484 7.80911383
0.35820850 7.74851113
0.36097215 7.68741154
0.36373580 7.62582103
0.36649945 7.56373690
0.36926310 7.50114814
0.37202675 7.43803577
0.37479040 7.37437349
0.37755405 7.31012826
0.38031770 7.24526116
0.38308135 7.17972823
0.38584500 7.11348150
0.38860865 7.04647003
0.39137231 6.97864109
0.39413596 6.90994133
0.39689961 6.84031809
0.39966326 6.76972063
0.40242691 6.69810144
0.40519056 6.62541758
0.40795421 6.55163189
0.41071786 6.47671429
0.41348151 6.40064292
0.41624516 6.32340533
0.41900881 6.24499949
0.42177246 6.16543474
0.42453611 6.08473265
0.42729977 6.00292773
0.43006342 5.92006804
0.43282707 5.83621558
0.43559072 5.75144658
0.43835437 5.66585164
0.44111802 5.57953556
0.44388167 5.49261712
0.44664532 5.40522855
0.44940897 5.31751479
0.45217262 5.22963257
0.45493627 5.14174920
0.45769992 5.05404107
0.46046358 4.96669202
0.46322723 4.87989133
0.46599088 4.79383152
0.46875453 4.70870586
0.47151818 4.62470570
0.47428183 4.54201756
0.47704548 4.46082003
0.47980913 4.38128058
0.48257278 4.30355226
0.48533643 4.22777040
0.48810008 4.15404940
0.49086373 4.08247961
0.49362739 4.01312452
0.49639104 3.94601827
0.49915469 3.88116359
0.50191834 3.81853025
0.50468199 3.75805415
0.50744564 3.69963700
0.51020929 3.64314674
0.51297294 3.58841864
0.51573659 3.53525711
0.51850024 3.48343808
0.52126389 3.43271205
0.52402754 3.38280753
0.52679120 3.33343491
0.52955485 3.28429062
0.53231850 3.23506138
0.53508215 3.18542857
0.53784580 3.13507248
0.54060945 3.08367647
0.54337310 3.03093081
0.54613675 2.97653638
0.54890040 2.92020792
0.55166405 2.86167695
0.55442770 2.80069438
0.55719135 2.73703267
0.55995501 2.67048766
0.56271866 2.60088006
0.56548231 2.52805652
0.56824596 2.45189053
0.57100961 2.37228288
0.57377326 2.28916194
0.57653691 2.20248367
0.57930056 2.11223142
0.58206421 2.01841551
0.58482786 1.92107269
0.58759151 1.82026532
0.59035516 1.71608058
0.59311882 1.60862938
0.59588247 1.49804528
0.59864612 1.38448323
0.60140977 1.26811832
0.60417342 1.14914434
0.60693707 1.02777238
0.60970072 0.90422933
0.61246437 0.77875653
0.61522802 0.65160838
0.61799167 0.52305165
0.62075532 0.39336645
0.62351897 0.26285546
0.62628263 0.13191862
0.62904628 0.01102165

0.62904628 0.01102165
0.63183209 0.15171377
0.63461791 0.30234426
0.63740373 0.45214772
0.64018954 0.60055554
0.64297536 0.74709277
0.64576118 0.89131597
0.64854699 1.03280807
0.65133281 1.17118021
0.65411863 1.30607497
0.65690444 1.43716995
0.65969026 1.56418123
0.66247608 1.68686669
0.66526189 1.80502899
0.66804771 1.91851828
0.67083353 2.02723447
0.67361934 2.13112901
0.67640516 2.23020620
0.67919098 2.32452392
0.68197679 2.41419357
0.68476261 2.49937942
0.68754843 2.58029701
0.69033424 2.65721073
0.69312006 2.73043039
0.69590588 2.80030679
0.69869169 2.86722624
0.70147751 2.93160405
0.70426332 2.99387697
0.70704914 3.05449478
0.70983496 3.11391110
0.71262077 3.17257363
0.71540659 3.23091414
0.71819241 3.28933840
0.72097822 3.34821663
0.72376404 3.40787450
0.72654986 3.46858542
0.72933567 3.53056408
0.73212149 3.59396175
0.73490731 3.65886338
0.73769312 3.72528666
0.74047894 3.79318298
0.74326476 3.86244019
0.74605057 3.93288701
0.74883639 4.00429878
0.75162221 4.07640430
0.75440802 4.14889356
0.75719384 4.22142585
0.75997966 4.29363823
0.76276547 4.36515389
0.76555129 4.43559039
0.76833711 4.50456753
0.77112292 4.57171464
0.77390874 4.63667745
0.77669456 4.69912416
0.77948037 4.75875088
0.78226619 4.81528642
0.78505201 4.86849628
0.78783782 4.91818593
0.79062364 4.96420339
0.79340946 5.00644109
0.79619527 5.04483696
0.79898109 5.07937485
0.80176691 5.11008423
0.80455272 5.13703913
0.80733854 5.16035644
0.81012436 5.18019340
0.81291017 5.19674447
0.81569599 5.21023750
0.81848181 5.22092920
0.82126762 5.22910003
0.82405344 5.23504849
0.82683926 5.23908495
0.82962507 5.24152508
0.83241089 5.24268294
0.83519671 5.24286403
0.83798252 5.24235827
0.84076834 5.24143319
0.84355416 5.24032755
0.84633997 5.23924549
0.84912579 5.23835140
0.85191161 5.23776585
0.85469742 5.23756242

0.85469742 5.23756242
0.85748899 5.23894013
0.86028055 5.24307382
0.86307212 5.24996505
0.86586369 5.25961646
0.86865525 5.27203160
0.87144682 5.28721489
0.87423839 5.30517149
0.87702995 5.32590710
0.87982152 5.34942781
0.88261309 5.37573982
0.88540465 5.40484917
0.88819622 5.43676140
0.89098779 5.47148116
0.89377935 5.50901179
0.89657092 5.54935484
0.89936249 5.59250956
0.90215405 5.63847233
0.90494562 5.68723609
0.90773719 5.73878969
0.91052875 5.79311730
0.91332032 5.85019775
0.91611188 5.91000389
0.91890345 5.97250198
0.92169502 6.03765112
0.92448658 6.10540262
0.92727815 6.17569956
0.93006972 6.24847626
0.93286128 6.32365794
0.93565285 6.40116031
0.93844442 6.48088935
0.94123598 6.56274106
0.94402755 6.64660134
0.94681912 6.73234591
0.94961068 6.81984028
0.95240225 6.90893973
0.95519382 6.99948942
0.95798538 7.09132441
0.96077695 7.18426974
0.96356852 7.27814048
0.96636008 7.37274176
0.96915165 7.46786869
0.97194321 7.56330626
0.97473478 7.65882906
0.97752635 7.75420095
0.98031791 7.84917452
0.98310948 7.94349039
0.98590105 8.03687634
0.98869261 8.12904622
0.99148418 8.21969874
0.99427575 8.30851606
0.99706731 8.39516233
0.99985888 8.47928222
1.00265045 8.56049966
1.00544201 8.63841688
1.00823358 8.71261416
1.01102515 8.78265063
1.01381671 8.84806646
1.01660828 8.90838699
1.01939984 8.96312933
1.02219141 9.01181168
1.02498298 9.05396558
1.02777454 9.08915091
1.03056611 9.11697298
1.03335768 9.13710031
1.03614924 9.14928162
1.03894081 9.15335986

1.03894081 9.15335986
1.04171272 9.15428055
1.04448463 9.15702508
1.04725654 9.16154118
1.05002845 9.16774291
1.05280036 9.17551242
1.05557227 9.18470229
1.05834418 9.19513852
1.06111609 9.20662392
1.06388800 9.21894195
1.06665991 9.23186093
1.06943182 9.24513839
1.07220373 9.25852560
1.07497563 9.27177213
1.07774754 9.28463038
1.08051945 9.29685991
1.08329136 9.30823172
1.08606327 9.31853212
1.08883518 9.32756634
1.09160709 9.33516183
1.09437900 9.34117110
1.09715091 9.34547412
1.09992282 9.34798031
1.10269473 9.34863003
1.10546664 9.34739561
1.10823855 9.34428180
1.11101046 9.33932584
1.11378237 9.33259693
1.11655428 9.32419523
1.11932619 9.31425039
1.12209810 9.30291956
1.12487001 9.29038496
1.12764192 9.27685103
1.13041383 9.26254110
1.13318574 9.24769379
1.13595765 9.23255898
1.13872955 9.21739357
1.14150146 9.20245706
1.14427337 9.18800689
1.14704528 9.17429383
1.14981719 9.16155737
1.15258910 9.15002119
1.15536101 9.13988896
1.15813292 9.13134036
1.16090483 9.12452756
1.16367674 9.11957222
1.16644865 9.11656302
1.16922056 9.11555392



0.00000000 0.01102165
0.00277191 0.18272237
0.00554382 0.36470710
0.00831573 0.54632660
0.01108764 0.72726398
0.01385955 0.90727359
0.01663146 1.08612731
0.01940337 1.26360819
0.02217528 1.43950987
0.02494719 1.61363740
0.02771910 1.78580820
0.03049101 1.95585326
0.03326291 2.12361811
0.03603482 2.28896385
0.03880673 2.45176799
0.04157864 2.61192517
0.04435055 2.76934776
0.04712246 2.92396630
0.04989437 3.07572973
0.05266628 3.22460553
0.05543819 3.37057964
0.05821010 3.51365613
0.06098201 3.65385682
0.06375392 3.79122059
0.06652583 3.92580257
0.06929774 4.05767312
0.07206965 4.18691659
0.07484156 4.31363001
0.07761347 4.43792153
0.08038538 4.55990875
0.08315729 4.67971693
0.08592920 4.79747708
0.08870111 4.91332398
0.09147302 5.02739418
0.09424493 5.13982390
0.09701683 5.25074703
0.09978874 5.36029311
0.10256065 5.46858542
0.10533256 5.57573915
0.10810447 5.68185971
0.11087638 5.78704125
0.11364829 5.89136529
0.11642020 5.99489966
0.11919211 6.09769757
0.12196402 6.19979701
0.12473593 6.30122035
0.12750784 6.40197417
0.13027975 6.50204944
0.13305166 6.60142180
0.13582357 6.70005220
0.13859548 6.79788766
0.14136739 6.89486226
0.14413930 6.99089831
0.14691121 7.08590762
0.14968312 7.17979295
0.15245503 7.27244948
0.15522694 7.36376642
0.15799885 7.45362857
0.16077075 7.54191797
0.16354266 7.62851549
0.16631457 7.71330237
0.16908648 7.79616177
0.17185839 7.87698016
0.17463030 7.95564862
0.17740221 8.03206413
0.18017412 8.10613060
0.18294603 8.17775985
0.18571794 8.24687239
0.18848985 8.31339815
0.19126176 8.37727691
0.19403367 8.43845870
0.19680558 8.49690395
0.19957749 8.55258355
0.20234940 8.60547873
0.20512131 8.65558078
0.20789322 8.70289062
0.21066513 8.74741829
0.21343704 8.78918226
0.21620895 8.82820862
0.21898086 8.86453027
0.22175277 8.89818585
0.22452467 8.92921881
0.22729658 8.95767621
0.23006849 8.98360767
0.23284040 9.00706422
0.23561231 9.02809709
0.23838422 9.04675667
0.24115613 9.06309135
0.24392804 9.07714655
0.24669995 9.08896372
0.24947186 9.09857951
0.25224377 9.10602497
0.25501568 9.11132497
0.25778759 9.11449761
0.26055950 9.11555392

0.26055950 9.11555392
0.26335107 9.12068346
0.26614263 9.13600389
0.26893420 9.16131282
0.27172577 9.19628008
0.27451733 9.24045805
0.27730890 9.29329521
0.28010046 9.35415246
0.28289203 9.42232113
0.28568360 9.49704212
0.28847516 9.57752525
0.29126673 9.66296825
0.29405830 9.75257478
0.29684986 9.84557097
0.29964143 9.94122033
0.30243300 10.03883660
0.30522456 10.13779466
0.30801613 10.23753918
0.31080770 10.33759134
0.31359926 10.43755334
0.31639083 10.53711111
0.31918240 10.63603500
0.32197396 10.73417882
0.32476553 10.83147711
0.32755709 10.92794097
0.33034866 11.02365232
0.33314023 11.11875695
0.33593179 11.21345634
0.33872336 11.30799847
0.34151493 11.40266773
0.34430649 11.49777424
0.34709806 11.59364261
0.34988963 11.69060053
0.35268119 11.78896739

0.35268119 11.78896739
0.35544484 11.88803300
0.35820850 11.98903562
0.36097215 12.09219922
0.36373580 12.19770130
0.36649945 12.30566580
0.36926310 12.41615729
0.37202675 12.52917676
0.37479040 12.64465896
0.37755405 12.76247131
0.38031770 12.88241453
0.38308135 12.86089062
0.38584500 12.73011120
0.38860865 12.59808703
0.39137231 12.46494558
0.39413596 12.33080979
0.39689961 12.19579740
0.39966326 12.06002045
0.40242691 11.92358480
0.40519056 11.78658974
0.40795421 11.64912780
0.41071786 11.51128457
0.41348151 11.37313862
0.41624516 11.23476162
0.41900881 11.09621844
0.42177246 10.95756737
0.42453611 10.81886049
0.42729977 10.68014403
0.43006342 10.54145879
0.43282707 10.40284064
0.43559072 10.26432106
0.43835437 10.12592764
0.44111802 9.98768465
0.44388167 9.84961356
0.44664532 9.71173350
0.44940897 9.57406181
0.45217262 9.43661437
0.45493627 9.29940597
0.45769992 9.16245061
0.46046358 9.02576169
0.46322723 8.88935207
0.46599088 8.75323415
0.46875453 8.61741977
0.47151818 8.48192003
0.47428183 8.34674504
0.47704548 8.21190358
0.47980913 8.07740268
0.48257278 7.94324716
0.48533643 7.80943902
0.48810008 7.67597693
0.49086373 7.54285557
0.49362739 7.41006505
0.49639104 7.27759026
0.49915469 7.14541027
0.50191834 7.01349786
0.50468199 6.88181892
0.50744564 6.75033216
0.51020929 6.61898872
0.51297294 6.48773198
0.51573659 6.35649752
0.51850024 6.22521309
0.52126389 6.09379890
0.52402754 5.96216787
0.52679120 5.83022614
0.52955485 5.69787367
0.53231850 5.56500504
0.53508215 5.43151028
0.53784580 5.29727589
0.54060945 5.16218599
0.54337310 5.02612343
0.54613675 4.88897113
0.54890040 4.75061336
0.55166405 4.61093708
0.55442770 4.46983330
0.55719135 4.32719843
0.55995501 4.18293557
0.56271866 4.03695581
0.56548231 3.88917936
0.56824596 3.73953670
0.57100961 3.58796956
0.57377326 3.43443182
0.57653691 3.27889028
0.57930056 3.12132528
0.58206421 2.96173119
0.58482786 2.80011678
0.58759151 2.63650541
0.59035516 2.47093508
0.59311882 2.30345833
0.59588247 2.13414205
0.59864612 1.96306706
0.60140977 1.79032764
0.60417342 1.61603091
0.60693707 1.44029608
0.60970072 1.26325365
0.61246437 1.08504458
0.61522802 0.90581947
0.61799167 0.72573807
0.62075532 0.54497005
0.62351897 0.36370169
0.62628263 0.18218996
0.62904628 0.01102165

0.62904628 0.01102165
0.63183209 0.15171377
0.63461791 0.30234426
0.63740373 0.45214772
0.64018954 0.60055554
0.64297536 0.74709277
0.64576118 0.89131597
0.64854699 1.03280807
0.65133281 1.17118021
0.65411863 1.30607497
0.65690444 1.43716995
0.65969026 1.56418123
0.66247608 1.68686669
0.66526189 1.80502899
0.66804771 1.91851828
0.67083353 2.02723447
0.67361934 2.13112901
0.67640516 2.23020620
0.67919098 2.32452392
0.68197679 2.41419357
0.68476261 2.49937942
0.68754843 2.58029701
0.69033424 2.65721073
0.69312006 2.73043039
0.69590588 2.80030679
0.69869169 2.86722624
0.70147751 2.93160405
0.70426332 2.99387697
0.70704914 3.05449478
0.70983496 3.11391110
0.71262077 3.17257363
0.71540659 3.23091414
0.71819241 3.28933840
0.72097822 3.34821663
0.72376404 3.40787450
0.72654986 3.46858542
0.72933567 3.53056408
0.73212149 3.59396175
0.73490731 3.65886338
0.73769312 3.72528666
0.74047894 3.79318298
0.74326476 3.86244019
0.74605057 3.93288701
0.74883639 4.00429878
0.75162221 4.07640430
0.75440802 4.14889356
0.75719384 4.22142585
0.75997966 4.29363823
0.76276547 4.36515389
0.76555129 4.43559039
0.76833711 4.50456753
0.77112292 4.57171464
0.77390874 4.63667745
0.77669456 4.69912416
0.77948037 4.75875088
0.78226619 4.81528642
0.78505201 4.86849628
0.78783782 4.91818593
0.79062364 4.96420339
0.79340946 5.00644109
0.79619527 5.04483696
0.79898109 5.07937485
0.80176691 5.11008423
0.80455272 5.13703913
0.80733854 5.16035644
0.81012436 5.18019340
0.81291017 5.19674447
0.81569599 5.21023750
0.81848181 5.22092920
0.82126762 5.22910003
0.82405344 5.23504849
0.82683926 5.23908495
0.82962507 5.24152508
0.83241089 5.24268294
0.83519671 5.24286403
0.83798252 5.24235827
0.84076834 5.24143319
0.84355416 5.24032755
0.84633997 5.23924549
0.84912579 5.23835140
0.85191161 5.23776585
0.85469742 5.23756242

0.85469742 5.23756242
0.85748899 5.24653318
0.86028055 5.27333253
0.86307212 5.31762726
0.86586369 5.37887983
0.86865525 5.45637293
0.87144682 5.54923990
0.87423839 5.65649815
0.87702995 5.77708261
0.87982152 5.90987699
0.88261309 6.05374137
0.88540465 6.20753500
0.88819622 6.37013439
0.89098779 6.54044673
0.89377935 6.71741913
0.89657092 6.90004464
0.89936249 7.08736540
0.90215405 7.27847386
0.90494562 7.47251257
0.90773719 7.66867296
0.91052875 7.86619359
0.91332032 8.06435813
0.91611188 8.26249324
0.91890345 8.45996656
0.92169502 8.65618484
0.92448658 8.85059231
0.92727815 9.04266929
0.93006972 9.23193105
0.93286128 9.41792692
0.93565285 9.60023957
0.93844442 9.77848452
0.94123598 9.95230980
0.94402755 10.12139565
0.94681912 10.28545440
0.94961068 10.44423036
0.95240225 10.59749962
0.95519382 10.74507001
0.95798538 10.88678083
0.96077695 11.02250262
0.96356852 11.15213670
0.96636008 11.27561475
0.96915165 11.39289802
0.97194321 11.50397659
0.97473478 11.60886825
0.97752635 11.70761733
0.98031791 11.80029325
0.98310948 11.88698889
0.98590105 11.96781876
0.98869261 12.04291693
0.99148418 12.11243481
0.99427575 12.17653874
0.99706731 12.23540740
0.99985888 12.28922910
1.00265045 12.33819892
1.00544201 12.38251581
1.00823358 12.42237956
1.01102515 12.45798788
1.01381671 12.48953335
1.01660828 12.51720055
1.01939984 12.54116325
1.02219141 12.56158172
1.02498298 12.57860031
1.02777454 12.59234520
1.03056611 12.60292243
1.03335768 12.61041626
1.03614924 12.61488782
1.03894081 12.61637420

1.03894081 12.61637420
1.04171272 12.50280318
1.04448463 12.39005937
1.04725654 12.27827308
1.05002845 12.16755894
1.05280036 12.05801565
1.05557227 11.94972602
1.05834418 11.84275727
1.06111609 11.73716167
1.06388800 11.63297748
1.06665991 11.53023011
1.06943182 11.42893363
1.07220373 11.32909247
1.07497563 11.23070334
1.07774754 11.13375729
1.08051945 11.03824202
1.08329136 10.94414411
1.08606327 10.85145146
1.08883518 10.76015565
1.09160709 10.67025427
1.09437900 10.58175316
1.09715091 10.49466854
1.09992282 10.40902892
1.10269473 10.32487678
1.10546664 10.24227008
1.10823855 10.16128331
1.11101046 10.08200838
1.11378237 10.00455502
1.11655428 9.92905086
1.11932619 9.85564112
1.12209810 9.78448779
1.12487001 9.71576855
1.12764192 9.64967512
1.13041383 9.58641131
1.13318574 9.52619065
1.13595765 9.46923363
1.13872955 9.41576470
1.14150146 9.36600896
1.14427337 9.32018864
1.14704528 9.27851950
1.14981719 9.24120712
1.15258910 9.20844330
1.15536101 9.18040249
1.15813292 9.15723857
1.16090483 9.13908184
1.16367674 9.12603648
1.16644865 9.11817844
1.16922056 9.11555392



0.00000000 0.01102165
0.00277191 0.57407464
0.00554382 1.14676111
0.00831573 1.71703000
0.01108764 2.28364383
0.01385955 2.84540467
0.01663146 3.40114251
0.01940337 3.94971863
0.02217528 4.49003071
0.02494719 5.02101822
0.02771910 5.54166775
0.03049101 6.05101807
0.03326291 6.54816512
0.03603482 7.03226661
0.03880673 7.50254635
0.04157864 7.95829831
0.04435055 8.39889024
0.04712246 8.82376697
0.04989437 9.23245327
0.05266628 9.62455630
0.05543819 9.99976759
0.05821010 10.35786448
0.06098201 10.69871110
0.06375392 11.02225878
0.06652583 11.32854592
0.06929774 11.61769714
0.07206965 11.88992199
0.07484156 12.14551283
0.07761347 12.38484215
0.08038538 12.60835917
0.08315729 12.81658572
0.08592920 13.01011142
0.08870111 13.18958814
0.09147302 13.35572378
0.09424493 13.50927532
0.09701683 13.65104128
0.09978874 13.78185352
0.10256065 13.90256853
0.10533256 14.01405825
0.10810447 14.11720059
0.11087638 14.21286964
0.11364829 14.30192582
0.11642020 14.38520616
0.11919211 14.46351471
0.12196402 14.53761349
0.12473593 14.60821395
0.12750784 14.67596931
0.13027975 14.74146785
0.13305166 14.80522727
0.13582357 14.86769048
0.13859548 14.92922262
0.14136739 14.99010964
0.14413930 15.05055834
0.14691121 15.11069792
0.14968312 15.17058296
0.15245503 15.23019778
0.15522694 15.28946196
0.15799885 15.34823710
0.16077075 15.40633427
0.16354266 15.46352242
0.16631457 15.51953706
0.16908648 15.57408944
0.17185839 15.62687572
0.17463030 15.67758614
0.17740221 15.72591385
0.18017412 15.77156341
0.18294603 15.81425868
0.18571794 15.85375003
0.18848985 15.88982081
0.19126176 15.92229291
0.19403367 15.95103143
0.19680558 15.97594835
0.19957749 15.99700521
0.20234940 16.01421472
0.20512131 16.02764139
0.20789322 16.03740108
0.21066513 16.04365955
0.21343704 16.04663003
0.21620895 16.04656979
0.21898086 16.04377592
0.22175277 16.03858016
0.22452467 16.03134306
0.22729658 16.02244744
0.23006849 16.01229129
0.23284040 16.00128034
0.23561231 15.98982021
0.23838422 15.97830851
0.24115613 15.96712697
0.24392804 15.95663371
0.24669995 15.94715594
0.24947186 15.93898320
0.25224377 15.93236128
0.25501568 15.92748700
0.25778759 15.92450408
0.26055950 15.92349998

0.26055950 15.92349998
0.26335107 15.92204852
0.26614263 15.91769066
0.26893420 15.91041611
0.27172577 15.90020791
0.27451733 15.88704280
0.27730890 15.87089162
0.28010046 15.85171993
0.28289203 15.82948868
0.28568360 15.80415493
0.28847516 15.77567276
0.29126673 15.74399419
0.29405830 15.70907011
0.29684986 15.67085136
0.29964143 15.62928976
0.30243300 15.58433912
0.30522456 15.53595634
0.30801613 15.48410241
0.31080770 15.42874340
0.31359926 15.36985137
0.31639083 15.30740527
0.31918240 15.24139173
0.32197396 15.17180571
0.32476553 15.09865118
0.32755709 15.02194155
0.33034866 14.94170010
0.33314023 14.85796024
0.33593179 14.77076564
0.33872336 14.68017027
0.34151493 14.58623833
0.34430649 14.48904399
0.34709806 14.38867107
0.34988963 14.28521264
0.35268119 14.17877041

0.35268119 14.17877041
0.35544484 14.07056114
0.35820850 13.95964850
0.36097215 13.84615225
0.36373580 13.73019750
0.36649945 13.61191386
0.36926310 13.49143452
0.37202675 13.36889525
0.37479040 13.24443343
0.37755405 13.11818712
0.38031770 12.99029403
0.38308135 13.00422475
0.38584500 13.12757712
0.38860865 13.25209070
0.39137231 13.37733457
0.39413596 13.50283478
0.39689961 13.62808217
0.39966326 13.75254061
0.40242691 13.87565570
0.40519056 13.99686350
0.40795421 14.11559930
0.41071786 14.23130610
0.41348151 14.34344277
0.41624516 14.45149171
0.41900881 14.55496592
0.42177246 14.65341533
0.42453611 14.74643237
0.42729977 14.83365675
0.43006342 14.91477923
0.43282707 14.98954462
0.43559072 15.05775366
0.43835437 15.11926407
0.44111802 15.17399049
0.44388167 15.22190353
0.44664532 15.26302781
0.44940897 15.29743900
0.45217262 15.32525997
0.45493627 15.34665608
0.45769992 15.36182955
0.46046358 15.37101311
0.46322723 15.37446294
0.46599088 15.37245105
0.46875453 15.36525712
0.47151818 15.35316005
0.47428183 15.33642928
0.47704548 15.31531603
0.47980913 15.29004475
0.48257278 15.26080476
0.48533643 15.22774250
0.48810008 15.19095431
0.49086373 15.15048013
0.49362739 15.10629813
0.49639104 15.05832053
0.49915469 15.00639053
0.50191834 14.95028072
0.50468199 14.88969268
0.50744564 14.82425811
0.51020929 14.75354119
0.51297294 14.67704235
0.51573659 14.59420321
0.51850024 14.50441257
0.52126389 14.40701350
0.52402754 14.30131110
0.52679120 14.18658105
0.52955485 14.06207854
0.53231850 13.92704754
0.53508215 13.78073032
0.53784580 13.62237682
0.54060945 13.45125397
0.54337310 13.26665474
0.54613675 13.06790681
0.54890040 12.85438071
0.55166405 12.62549747
0.55442770 12.38073565
0.55719135 12.11963764
0.55995501 11.84181538
0.56271866 11.54695520
0.56548231 11.23482208
0.56824596 10.90526305
0.57100961 10.55820993
0.57377326 10.19368130
0.57653691 9.81178376
0.57930056 9.41271254
0.58206421 8.99675136
0.58482786 8.56427174
0.58759151 8.11573162
0.59035516 7.65167339
0.59311882 7.17272144
0.59588247 6.67957909
0.59864612 6.17302505
0.60140977 5.65390946
0.60417342 5.12314948
0.60693707 4.58172444
0.60970072 4.03067071
0.61246437 3.47107626
0.61522802 2.90407487
0.61799167 2.33084035
0.62075532 1.75258088
0.62351897 1.17053499
0.62628263 0.58598226
0.62904628 0.01102165

0.62904628 0.01102165
0.63183209 0.59520383
0.63461791 1.18906327
0.63740373 1.78058036
0.64018954 2.36855733
0.64297536 2.95183573
0.64576118 3.52928557
0.64854699 4.09980879
0.65133281 4.66234438
0.65411863 5.21587356
0.65690444 5.75942488
0.65969026 6.29207893
0.66247608 6.81297273
0.66526189 7.32130370
0.66804771 7.81633319
0.67083353 8.29738952
0.67361934 8.76387054
0.67640516 9.21524562
0.67919098 9.65105715
0.68197679 10.07092143
0.68476261 10.47452902
0.68754843 10.86164448
0.69033424 11.23210555
0.69312006 11.58582175
0.69590588 11.92277243
0.69869169 12.24300426
0.70147751 12.54662817
0.70426332 12.83381588
0.70704914 13.10479585
0.70983496 13.35984898
0.71262077 13.59930377
0.71540659 13.82353136
0.71819241 14.03294018
0.72097822 14.22797053
0.72376404 14.40908905
0.72654986 14.57678316
0.72933567 14.73155558
0.73212149 14.87391900
0.73490731 15.00439100
0.73769312 15.12348931
0.74047894 15.23172738
0.74326476 15.32961050
0.74605057 15.41763241
0.74883639 15.49627249
0.75162221 15.56599357
0.75440802 15.62724036
0.75719384 15.68043861
0.75997966 15.72599482
0.76276547 15.76429667
0.76555129 15.79571401
0.76833711 15.82060042
0.77112292 15.83929526
0.77390874 15.85212610
0.77669456 15.85941155
0.77948037 15.86146428
0.78226619 15.85859413
0.78505201 15.85111138
0.78783782 15.83932977
0.79062364 15.82356946
0.79340946 15.80415967
0.79619527 15.78144087
0.79898109 15.75576657
0.80176691 15.72750449
0.80455272 15.69703716
0.80733854 15.66476174
0.81012436 15.63108921
0.81291017 15.59644280
0.81569599 15.56125561
0.81848181 15.52596762
0.82126762 15.49102192
0.82405344 15.45686035
0.82683926 15.42391868
0.82962507 15.39262125
0.83241089 15.36337538
0.83519671 15.33656565
0.83798252 15.31254807
0.84076834 15.29164457
0.84355416 15.27413761
0.84633997 15.26026549
0.84912579 15.25021814
0.85191161 15.24413374
0.85469742 15.24209622

0.85469742 15.24209622
0.85748899 15.24187083
0.86028055 15.24118699
0.86307212 15.24002176
0.86586369 15.23833729
0.86865525 15.23608132
0.87144682 15.23318801
0.87423839 15.22957879
0.87702995 15.22516353
0.87982152 15.21984181
0.88261309 15.21350432
0.88540465 15.20603440
0.88819622 15.19730965
0.89098779 15.18720364
0.89377935 15.17558762
0.89657092 15.16233228
0.89936249 15.14730950
0.90215405 15.13039405
0.90494562 15.11146532
0.90773719 15.09040884
0.91052875 15.06711785
0.91332032 15.04149471
0.91611188 15.01345221
0.91890345 14.98291469
0.92169502 14.94981916
0.92448658 14.91411615
0.92727815 14.87577048
0.93006972 14.83476186
0.93286128 14.79108538
0.93565285 14.74475181
0.93844442 14.69578781
0.94123598 14.64423596
0.94402755 14.59015475
0.94681912 14.53361837
0.94961068 14.47471649
0.95240225 14.41355394
0.95519382 14.35025029
0.95798538 14.28493948
0.96077695 14.21776935
0.96356852 14.14890124
0.96636008 14.07850961
0.96915165 14.00678173
0.97194321 13.93391742
0.97473478 13.86012898
0.97752635 13.78564122
0.98031791 13.71069166
0.98310948 13.63553096
0.98590105 13.56042351
0.98869261 13.48564831
0.99148418 13.41149998
0.99427575 13.33828999
0.99706731 13.26634801
0.99985888 13.19602326
1.00265045 13.12768575
1.00544201 13.06172713
1.00823358 12.99856103
1.01102515 12.93862224
1.01381671 12.88236460
1.01660828 12.83025689
1.01939984 12.78277639
1.02219141 12.74039961
1.02498298 12.70359017
1.02777454 12.67278385
1.03056611 12.64837168
1.03335768 12.63068217
1.03614924 12.61996444
1.03894081 12.61637420

1.03894081 12.61637420
1.04171272 12.73062704
1.04448463 12.84540202
1.04725654 12.96052622
1.05002845 13.07581481
1.05280036 13.19107248
1.05557227 13.30609511
1.05834418 13.42067151
1.06111609 13.53458530
1.06388800 13.64761681
1.06665991 13.75954507
1.06943182 13.87014975
1.07220373 13.97921307
1.07497563 14.08652168
1.07774754 14.19186845
1.08051945 14.29505414
1.08329136 14.39588895
1.08606327 14.49419391
1.08883518 14.58980214
1.09160709 14.68255992
1.09437900 14.77232753
1.09715091 14.85898002
1.09992282 14.94240760
1.10269473 15.02251604
1.10546664 15.09922668
1.10823855 15.17247637
1.11101046 15.24221716
1.11378237 15.30841583
1.11655428 15.37105324
1.11932619 15.43012346
1.12209810 15.48563286
1.12487001 15.53759897
1.12764192 15.58604926
1.13041383 15.63101980
1.13318574 15.67255387
1.13595765 15.71070048
1.13872955 15.74551288
1.14150146 15.77704704
1.14427337 15.80536012
1.14704528 15.83050903
1.14981719 15.85254901
1.15258910 15.87153226
1.15536101 15.88750675
1.15813292 15.90051506
1.16090483 15.91059343
1.16367674 15.91777094
1.16644865 15.92206881
1.16922056 15.92349998



