0.00000000 -0.00352253
0.00277191 0.14785861
0.00554382 0.29575210
0.00831573 0.44357544
0.01108764 0.59131098
0.01385955 0.73893260
0.01663146 0.88641267
0.01940337 1.03372299
0.02217528 1.18083511
0.02494719 1.32772028
0.02771910 1.47434953
0.03049101 1.62069363
0.03326291 1.76672309
0.03603482 1.91240812
0.03880673 2.05771866
0.04157864 2.20262429
0.04435055 2.34709428
0.04712246 2.49109754
0.04989437 2.63460262
0.05266628 2.77757768
0.05543819 2.91999049
0.05821010 3.06180842
0.06098201 3.20299843
0.06375392 3.34352706
0.06652583 3.48336042
0.06929774 3.62246422
0.07206965 3.76080372
0.07484156 3.89834375
0.07761347 4.03504872
0.08038538 4.17088264
0.08315729 4.30580908
0.08592920 4.43979120
0.08870111 4.57279180
0.09147302 4.70477325
0.09424493 4.83569758
0.09701683 4.96552643
0.09978874 5.09422115
0.10256065 5.22174272
0.10533256 5.34805184
0.10810447 5.47310894
0.11087638 5.59687418
0.11364829 5.71930749
0.11642020 5.84036862
0.11919211 5.96001712
0.12196402 6.07821240
0.12473593 6.19491377
0.12750784 6.31008045
0.13027975 6.42367160
0.13305166 6.53564638
0.13582357 6.64596398
0.13859548 6.75458363
0.14136739 6.86146466
0.14413930 6.96656654
0.14691121 7.06984892
0.14968312 7.17127163
0.15245503 7.27079480
0.15522694 7.36837881
0.15799885 7.46398440
0.16077075 7.55757267
0.16354266 7.64910514
0.16631457 7.73854380
0.16908648 7.82585112
0.17185839 7.91099013
0.17463030 7.99392442
0.17740221 8.07461822
0.18017412 8.15303642
0.18294603 8.22914460
0.18571794 8.30290912
0.18848985 8.37429707
0.19126176 8.44327641
0.19403367 8.50981593
0.19680558 8.57388534
0.19957749 8.63545526
0.20234940 8.69449730
0.20512131 8.75098406
0.20789322 8.80488917
0.21066513 8.85618735
0.21343704 8.90485440
0.21620895 8.95086728
0.21898086 8.99420406
0.22175277 9.03484404
0.22452467 9.07276772
0.22729658 9.10795682
0.23006849 9.14039433
0.23284040 9.17006453
0.23561231 9.19695299
0.23838422 9.22104659
0.24115613 9.24233355
0.24392804 9.26080347
0.24669995 9.27644726
0.24947186 9.28925724
0.25224377 9.29922712
0.25501568 9.30635197
0.25778759 9.31062829
0.26055950 9.31205396

0.26055950 9.31205396
0.26335107 9.31110762
0.26614263 9.30826904
0.26893420 9.30353957
0.27172577 9.29692143
0.27451733 9.28841775
0.27730890 9.27803255
0.28010046 9.26577070
0.28289203 9.25163800
0.28568360 9.23564110
0.28847516 9.21778752
0.29126673 9.19808567
0.29405830 9.17654479
0.29684986 9.15317500
0.29964143 9.12798727
0.30243300 9.10099337
0.30522456 9.07220595
0.30801613 9.04163846
0.31080770 9.00930514
0.31359926 8.97522107
0.31639083 8.93940210
0.31918240 8.90186485
0.32197396 8.86262672
0.32476553 8.82170586
0.32755709 8.77912115
0.33034866 8.73489221
0.33314023 8.68903937
0.33593179 8.64158363
0.33872336 8.59254671
0.34151493 8.54195095
0.34430649 8.48981937
0.34709806 8.43617561
0.34988963 8.38104391
0.35268119 8.32444912

0.35268119 8.32444912
0.35544484 8.26700400
0.35820850 8.20817500
0.36097215 8.14798782
0.36373580 8.08646866
0.36649945 8.02364420
0.36926310 7.95954155
0.37202675 7.89418827
0.37479040 7.82761233
0.37755405 7.75984207
0.38031770 7.69090622
0.38308135 7.62083384
0.38584500 7.54965429
0.38860865 7.47739728
0.39137231 7.40409273
0.39413596 7.32977085
0.39689961 7.25446205
0.39966326 7.17819697
0.40242691 7.10100638
0.40519056 7.02292123
0.40795421 6.94397257
0.41071786 6.86419157
0.41348151 6.78360945
0.41624516 6.70225747
0.41900881 6.62016691
0.42177246 6.53736906
0.42453611 6.45389512
0.42729977 6.36977628
0.43006342 6.28504358
0.43282707 6.19972798
0.43559072 6.11386027
0.43835437 6.02747107
0.44111802 5.94059077
0.44388167 5.85324955
0.44664532 5.76547731
0.44940897 5.67730367
0.45217262 5.58875791
0.45493627 5.49986898
0.45769992 5.41066544
0.46046358 5.32117545
0.46322723 5.23142674
0.46599088 5.14144658
0.46875453 5.05126173
0.47151818 4.96089846
0.47428183 4.87038250
0.47704548 4.77973897
0.47980913 4.68899245
0.48257278 4.59816686
0.48533643 4.50728549
0.48810008 4.41637095
0.49086373 4.32544517
0.49362739 4.23452934
0.49639104 4.14364394
0.49915469 4.05280865
0.50191834 3.96204239
0.50468199 3.87136328
0.50744564 3.78078859
0.51020929 3.69033477
0.51297294 3.60001740
0.51573659 3.50985120
0.51850024 3.41984997
0.52126389 3.33002663
0.52402754 3.24039318
0.52679120 3.15096067
0.52955485 3.06173925
0.53231850 2.97273809
0.53508215 2.88396541
0.53784580 2.79542850
0.54060945 2.70713365
0.54337310 2.61908622
0.54613675 2.53129058
0.54890040 2.44375016
0.55166405 2.35646742
0.55442770 2.26944387
0.55719135 2.18268008
0.55995501 2.09617567
0.56271866 2.00992937
0.56548231 1.92393897
0.56824596 1.83820136
0.57100961 1.75271259
0.57377326 1.66746783
0.57653691 1.58246141
0.57930056 1.49768686
0.58206421 1.41313692
0.58482786 1.32880358
0.58759151 1.24467808
0.59035516 1.16075100
0.59311882 1.07701222
0.59588247 0.99345101
0.59864612 0.91005604
0.60140977 0.82681542
0.60417342 0.74371673
0.60693707 0.66074709
0.60970072 0.57789313
0.61246437 0.49514106
0.61522802 0.41247662
0.61799167 0.32988499
0.62075532 0.24735040
0.62351897 0.16485437
0.62628263 0.08236320
0.62904628 -0.00352253

0.62904628 -0.00352253
0.63183209 0.10933827
0.63461791 0.21872050
0.63740373 0.32800155
0.64018954 0.43715452
0.64297536 0.54614119
0.64576118 0.65492154
0.64854699 0.76345505
0.65133281 0.87170112
0.65411863 0.97961915
0.65690444 1.08716862
0.65969026 1.19430914
0.66247608 1.30100044
0.66526189 1.40720241
0.66804771 1.51287515
0.67083353 1.61797891
0.67361934 1.72247417
0.67640516 1.82632166
0.67919098 1.92948232
0.68197679 2.03191736
0.68476261 2.13358826
0.68754843 2.23445678
0.69033424 2.33448501
0.69312006 2.43363532
0.69590588 2.53187043
0.69869169 2.62915340
0.70147751 2.72544764
0.70426332 2.82071695
0.70704914 2.91492549
0.70983496 3.00803784
0.71262077 3.10001899
0.71540659 3.19083434
0.71819241 3.28044975
0.72097822 3.36883151
0.72376404 3.45594638
0.72654986 3.54176161
0.72933567 3.62624493
0.73212149 3.70936456
0.73490731 3.79108924
0.73769312 3.87138825
0.74047894 3.95023139
0.74326476 4.02758901
0.74605057 4.10343201
0.74883639 4.17773187
0.75162221 4.25046066
0.75440802 4.32159102
0.75719384 4.39109621
0.75997966 4.45895008
0.76276547 4.52512713
0.76555129 4.58960245
0.76833711 4.65235182
0.77112292 4.71335162
0.77390874 4.77257892
0.77669456 4.83001145
0.77948037 4.88562761
0.78226619 4.93940648
0.78505201 4.99132784
0.78783782 5.04137217
0.79062364 5.08952064
0.79340946 5.13575515
0.79619527 5.18005831
0.79898109 5.22241346
0.80176691 5.26280468
0.80455272 5.30121677
0.80733854 5.33763528
0.81012436 5.37204653
0.81291017 5.40443758
0.81569599 5.43479623
0.81848181 5.46311107
0.82126762 5.48937147
0.82405344 5.51356753
0.82683926 5.53569017
0.82962507 5.55573106
0.83241089 5.57368266
0.83519671 5.58953823
0.83798252 5.60329180
0.84076834 5.61493820
0.84355416 5.62447306
0.84633997 5.63189277
0.84912579 5.63719457
0.85191161 5.64037644
0.85469742 5.64143720

0.85469742 5.64143720
0.85748899 5.64318604
0.86028055 5.64842841
0.86307212 5.65715186
0.86586369 5.66933573
0.86865525 5.68495138
0.87144682 5.70396234
0.87423839 5.72632468
0.87702995 5.75198727
0.87982152 5.78089224
0.88261309 5.81297532
0.88540465 5.84816632
0.88819622 5.88638960
0.89098779 5.92756450
0.89377935 5.97160584
0.89657092 6.01842436
0.89936249 6.06792716
0.90215405 6.12001815
0.90494562 6.17459843
0.90773719 6.23156666
0.91052875 6.29081938
0.91332032 6.35225132
0.91611188 6.41575567
0.91890345 6.48122422
0.92169502 6.54854763
0.92448658 6.61761544
0.92727815 6.68831626
0.93006972 6.76053770
0.93286128 6.83416643
0.93565285 6.90908809
0.93844442 6.98518720
0.94123598 7.06234698
0.94402755 7.14044919
0.94681912 7.21937389
0.94961068 7.29899911
0.95240225 7.37920055
0.95519382 7.45985119
0.95798538 7.54082083
0.96077695 7.62197562
0.96356852 7.70317755
0.96636008 7.78428377
0.96915165 7.86514606
0.97194321 7.94561003
0.97473478 8.02551447
0.97752635 8.10469051
0.98031791 8.18296083
0.98310948 8.26013887
0.98590105 8.33602797
0.98869261 8.41042065
0.99148418 8.48309786
0.99427575 8.55382849
0.99706731 8.62236899
0.99985888 8.68846327
1.00265045 8.75184306
1.00544201 8.81222871
1.00823358 8.86933063
1.01102515 8.92285146
1.01381671 8.97248915
1.01660828 9.01794091
1.01939984 9.05890824
1.02219141 9.09510287
1.02498298 9.12625345
1.02777454 9.15211291
1.03056611 9.17246589
1.03335768 9.18713595
1.03614924 9.19599196
1.03894081 9.19895306

1.03894081 9.19895306
1.04171272 9.19908012
1.04448463 9.19946072
1.04725654 9.20009313
1.05002845 9.20097448
1.05280036 9.20210075
1.05557227 9.20346683
1.05834418 9.20506651
1.06111609 9.20689252
1.06388800 9.20893659
1.06665991 9.21118943
1.06943182 9.21364084
1.07220373 9.21627972
1.07497563 9.21909411
1.07774754 9.22207131
1.08051945 9.22519786
1.08329136 9.22845965
1.08606327 9.23184198
1.08883518 9.23532961
1.09160709 9.23890687
1.09437900 9.24255768
1.09715091 9.24626566
1.09992282 9.25001419
1.10269473 9.25378648
1.10546664 9.25756567
1.10823855 9.26133489
1.11101046 9.26507732
1.11378237 9.26877629
1.11655428 9.27241534
1.11932619 9.27597829
1.12209810 9.27944934
1.12487001 9.28281309
1.12764192 9.28605465
1.13041383 9.28915966
1.13318574 9.29211441
1.13595765 9.29490584
1.13872955 9.29752165
1.14150146 9.29995031
1.14427337 9.30218111
1.14704528 9.30420424
1.14981719 9.30601080
1.15258910 9.30759286
1.15536101 9.30894345
1.15813292 9.31005666
1.16090483 9.31092760
1.16367674 9.31155244
1.16644865 9.31192844
1.16922056 9.31205396



0.00000000 -0.00352253
0.00277191 0.14785861
0.00554382 0.29575210
0.00831573 0.44357544
0.01108764 0.59131098
0.01385955 0.73893260
0.01663146 0.88641267
0.01940337 1.03372299
0.02217528 1.18083511
0.02494719 1.32772028
0.02771910 1.47434953
0.03049101 1.62069363
0.03326291 1.76672309
0.03603482 1.91240812
0.03880673 2.05771866
0.04157864 2.20262429
0.04435055 2.34709428
0.04712246 2.49109754
0.04989437 2.63460262
0.05266628 2.77757768
0.05543819 2.91999049
0.05821010 3.06180842
0.06098201 3.20299843
0.06375392 3.34352706
0.06652583 3.48336042
0.06929774 3.62246422
0.07206965 3.76080372
0.07484156 3.89834375
0.07761347 4.03504872
0.08038538 4.17088264
0.08315729 4.30580908
0.08592920 4.43979120
0.08870111 4.57279180
0.09147302 4.70477325
0.09424493 4.83569758
0.09701683 4.96552643
0.09978874 5.09422115
0.10256065 5.22174272
0.10533256 5.34805184
0.10810447 5.47310894
0.11087638 5.59687418
0.11364829 5.71930749
0.11642020 5.84036862
0.11919211 5.96001712
0.12196402 6.07821240
0.12473593 6.19491377
0.12750784 6.31008045
0.13027975 6.42367160
0.13305166 6.53564638
0.13582357 6.64596398
0.13859548 6.75458363
0.14136739 6.86146466
0.14413930 6.96656654
0.14691121 7.06984892
0.14968312 7.17127163
0.15245503 7.27079480
0.15522694 7.36837881
0.15799885 7.46398440
0.16077075 7.55757267
0.16354266 7.64910514
0.16631457 7.73854380
0.16908648 7.82585112
0.17185839 7.91099013
0.17463030 7.99392442
0.17740221 8.07461822
0.18017412 8.15303642
0.18294603 8.22914460
0.18571794 8.30290912
0.18848985 8.37429707
0.19126176 8.44327641
0.19403367 8.50981593
0.19680558 8.57388534
0.19957749 8.63545526
0.20234940 8.69449730
0.20512131 8.75098406
0.20789322 8.80488917
0.21066513 8.85618735
0.21343704 8.90485440
0.21620895 8.95086728
0.21898086 8.99420406
0.22175277 9.03484404
0.22452467 9.07276772
0.22729658 9.10795682
0.23006849 9.14039433
0.23284040 9.17006453
0.23561231 9.19695299
0.23838422 9.22104659
0.24115613 9.24233355
0.24392804 9.26080347
0.24669995 9.27644726
0.24947186 9.28925724
0.25224377 9.29922712
0.25501568 9.30635197
0.25778759 9.31062829
0.26055950 9.31205396

0.26055950 9.31205396
0.26335107 9.31541332
0.26614263 9.32547544
0.26893420 9.34219256
0.27172577 9.36548573
0.27451733 9.39524576
0.27730890 9.43133444
0.28010046 9.47358613
0.28289203 9.52180960
0.28568360 9.57579003
0.28847516 9.63529119
0.29126673 9.70005775
0.29405830 9.76981765
0.29684986 9.84428438
0.29964143 9.92315938
0.30243300 10.00613425
0.30522456 10.09289292
0.30801613 10.18311369
0.31080770 10.27647111
0.31359926 10.37263774
0.31639083 10.47128570
0.31918240 10.57208815
0.32197396 10.67472047
0.32476553 10.77886145
0.32755709 10.88419418
0.33034866 10.99040693
0.33314023 11.09719380
0.33593179 11.20425532
0.33872336 11.31129892
0.34151493 11.41803927
0.34430649 11.52419864
0.34709806 11.62950705
0.34988963 11.73370246
0.35268119 11.83653085

0.35268119 11.83653085
0.35544484 11.93674292
0.35820850 12.03514331
0.36097215 12.13150897
0.36373580 12.22562454
0.36649945 12.31728232
0.36926310 12.40628216
0.37202675 12.49243138
0.37479040 12.57554464
0.37755405 12.65544387
0.38031770 12.73195812
0.38308135 12.80492345
0.38584500 12.87418279
0.38860865 12.93958584
0.39137231 12.94276592
0.39413596 12.81573583
0.39689961 12.68698275
0.39966326 12.55655697
0.40242691 12.42450906
0.40519056 12.29088980
0.40795421 12.15575019
0.41071786 12.01914137
0.41348151 11.88111458
0.41624516 11.74172112
0.41900881 11.60101232
0.42177246 11.45903946
0.42453611 11.31585378
0.42729977 11.17150638
0.43006342 11.02604820
0.43282707 10.87952998
0.43559072 10.73200221
0.43835437 10.58351506
0.44111802 10.43411840
0.44388167 10.28386166
0.44664532 10.13279387
0.44940897 9.98096356
0.45217262 9.82841876
0.45493627 9.67520691
0.45769992 9.52137484
0.46046358 9.36696871
0.46322723 9.21203400
0.46599088 9.05661542
0.46875453 8.90075690
0.47151818 8.74450154
0.47428183 8.58789157
0.47704548 8.43096828
0.47980913 8.27377203
0.48257278 8.11634218
0.48533643 7.95871703
0.48810008 7.80093383
0.49086373 7.64302872
0.49362739 7.48503669
0.49639104 7.32699155
0.49915469 7.16892589
0.50191834 7.01087108
0.50468199 6.85285718
0.50744564 6.69491299
0.51020929 6.53706593
0.51297294 6.37934211
0.51573659 6.22176623
0.51850024 6.06436162
0.52126389 5.90715016
0.52402754 5.75015231
0.52679120 5.59338708
0.52955485 5.43687201
0.53231850 5.28062317
0.53508215 5.12465514
0.53784580 4.96898102
0.54060945 4.81361240
0.54337310 4.65855942
0.54613675 4.50383068
0.54890040 4.34943333
0.55166405 4.19537304
0.55442770 4.04165401
0.55719135 3.88827898
0.55995501 3.73524928
0.56271866 3.58256480
0.56548231 3.43022406
0.56824596 3.27822420
0.57100961 3.12656105
0.57377326 2.97522909
0.57653691 2.82422157
0.57930056 2.67353049
0.58206421 2.52314668
0.58482786 2.37305979
0.58759151 2.22325839
0.59035516 2.07372999
0.59311882 1.92446112
0.59588247 1.77543732
0.59864612 1.62664328
0.60140977 1.47806283
0.60417342 1.32967904
0.60693707 1.18147426
0.60970072 1.03343017
0.61246437 0.88552786
0.61522802 0.73774783
0.61799167 0.59007002
0.62075532 0.44247357
0.62351897 0.29493594
0.62628263 0.14742597
0.62904628 -0.00352253

0.62904628 -0.00352253
0.63183209 0.10933827
0.63461791 0.21872050
0.63740373 0.32800155
0.64018954 0.43715452
0.64297536 0.54614119
0.64576118 0.65492154
0.64854699 0.76345505
0.65133281 0.87170112
0.65411863 0.97961915
0.65690444 1.08716862
0.65969026 1.19430914
0.66247608 1.30100044
0.66526189 1.40720241
0.66804771 1.51287515
0.67083353 1.61797891
0.67361934 1.72247417
0.67640516 1.82632166
0.67919098 1.92948232
0.68197679 2.03191736
0.68476261 2.13358826
0.68754843 2.23445678
0.69033424 2.33448501
0.69312006 2.43363532
0.69590588 2.53187043
0.69869169 2.62915340
0.70147751 2.72544764
0.70426332 2.82071695
0.70704914 2.91492549
0.70983496 3.00803784
0.71262077 3.10001899
0.71540659 3.19083434
0.71819241 3.28044975
0.72097822 3.36883151
0.72376404 3.45594638
0.72654986 3.54176161
0.72933567 3.62624493
0.73212149 3.70936456
0.73490731 3.79108924
0.73769312 3.87138825
0.74047894 3.95023139
0.74326476 4.02758901
0.74605057 4.10343201
0.74883639 4.17773187
0.75162221 4.25046066
0.75440802 4.32159102
0.75719384 4.39109621
0.75997966 4.45895008
0.76276547 4.52512713
0.76555129 4.58960245
0.76833711 4.65235182
0.77112292 4.71335162
0.77390874 4.77257892
0.77669456 4.83001145
0.77948037 4.88562761
0.78226619 4.93940648
0.78505201 4.99132784
0.78783782 5.04137217
0.79062364 5.08952064
0.79340946 5.13575515
0.79619527 5.18005831
0.79898109 5.22241346
0.80176691 5.26280468
0.80455272 5.30121677
0.80733854 5.33763528
0.81012436 5.37204653
0.81291017 5.40443758
0.81569599 5.43479623
0.81848181 5.46311107
0.82126762 5.48937147
0.82405344 5.51356753
0.82683926 5.53569017
0.82962507 5.55573106
0.83241089 5.57368266
0.83519671 5.58953823
0.83798252 5.60329180
0.84076834 5.61493820
0.84355416 5.62447306
0.84633997 5.63189277
0.84912579 5.63719457
0.85191161 5.64037644
0.85469742 5.64143720

0.85469742 5.64143720
0.85748899 5.64848757
0.86028055 5.66957017
0.86307212 5.70448205
0.86586369 5.75289327
0.86865525 5.81435859
0.87144682 5.88833249
0.87423839 5.97418622
0.87702995 6.07122582
0.87982152 6.17871004
0.88261309 6.29586711
0.88540465 6.42190990
0.88819622 6.55604903
0.89098779 6.69750368
0.89377935 6.84551018
0.89657092 6.99932857
0.89936249 7.15824726
0.90215405 7.32158610
0.90494562 7.48869816
0.90773719 7.65897047
0.91052875 7.83182392
0.91332032 8.00671256
0.91611188 8.18312251
0.91890345 8.36057058
0.92169502 8.53860261
0.92448658 8.71679192
0.92727815 8.89473751
0.93006972 9.07206247
0.93286128 9.24841231
0.93565285 9.42345346
0.93844442 9.59687178
0.94123598 9.76837124
0.94402755 9.93767268
0.94681912 10.10451258
0.94961068 10.26864211
0.95240225 10.42982609
0.95519382 10.58784214
0.95798538 10.74247988
0.96077695 10.89354023
0.96356852 11.04083473
0.96636008 11.18418498
0.96915165 11.32342208
0.97194321 11.45838621
0.97473478 11.58892612
0.97752635 11.71489885
0.98031791 11.83616927
0.98310948 11.95260989
0.98590105 12.06410048
0.98869261 12.17052788
0.99148418 12.27178577
0.99427575 12.36777446
0.99706731 12.45840072
0.99985888 12.54357762
1.00265045 12.62322437
1.00544201 12.69726625
1.00823358 12.76563443
1.01102515 12.82826592
1.01381671 12.88510346
1.01660828 12.93609547
1.01939984 12.98119594
1.02219141 13.02036441
1.02498298 13.05356592
1.02777454 13.08077093
1.03056611 13.10195533
1.03335768 13.11710041
1.03614924 13.12619279
1.03894081 13.12922448

1.03894081 13.12922448
1.04171272 13.01716233
1.04448463 12.90443469
1.04725654 12.79115062
1.05002845 12.67742190
1.05280036 12.56336304
1.05557227 12.44909131
1.05834418 12.33472679
1.06111609 12.22039236
1.06388800 12.10621373
1.06665991 11.99231944
1.06943182 11.87884083
1.07220373 11.76591209
1.07497563 11.65367016
1.07774754 11.54225473
1.08051945 11.43180817
1.08329136 11.32247545
1.08606327 11.21440404
1.08883518 11.10774379
1.09160709 11.00264679
1.09437900 10.89926715
1.09715091 10.79776085
1.09992282 10.69828543
1.10269473 10.60099976
1.10546664 10.50606369
1.10823855 10.41363767
1.11101046 10.32388240
1.11378237 10.23695831
1.11655428 10.15302513
1.11932619 10.07224127
1.12209810 9.99476334
1.12487001 9.92074542
1.12764192 9.85033848
1.13041383 9.78368962
1.13318574 9.72094137
1.13595765 9.66223096
1.13872955 9.60768951
1.14150146 9.55744127
1.14427337 9.51160289
1.14704528 9.47028259
1.14981719 9.43357950
1.15258910 9.40158292
1.15536101 9.37437167
1.15813292 9.35201354
1.16090483 9.33456472
1.16367674 9.32206941
1.16644865 9.31455943
1.16922056 9.31205396



0.00000000 -0.00352253
0.00277191 0.26621080
0.00554382 0.53238957
0.00831573 0.79842659
0.01108764 1.06426069
0.01385955 1.32982607
0.01663146 1.59505610
0.01940337 1.85988398
0.02217528 2.12424280
0.02494719 2.38806560
0.02771910 2.65128545
0.03049101 2.91383538
0.03326291 3.17564844
0.03603482 3.43665765
0.03880673 3.69679610
0.04157864 3.95599684
0.04435055 4.21419296
0.04712246 4.47131759
0.04989437 4.72730387
0.05266628 4.98208498
0.05543819 5.23559415
0.05821010 5.48776465
0.06098201 5.73852982
0.06375392 5.98782307
0.06652583 6.23557789
0.06929774 6.48172784
0.07206965 6.72620660
0.07484156 6.96894797
0.07761347 7.20988587
0.08038538 7.44895436
0.08315729 7.68608766
0.08592920 7.92122016
0.08870111 8.15428644
0.09147302 8.38522131
0.09424493 8.61395978
0.09701683 8.84043711
0.09978874 9.06458886
0.10256065 9.28635083
0.10533256 9.50565918
0.10810447 9.72245036
0.11087638 9.93666122
0.11364829 10.14822896
0.11642020 10.35709121
0.11919211 10.56318602
0.12196402 10.76645191
0.12473593 10.96682788
0.12750784 11.16425345
0.13027975 11.35866870
0.13305166 11.55001426
0.13582357 11.73823138
0.13859548 11.92326194
0.14136739 12.10504846
0.14413930 12.28353420
0.14691121 12.45866312
0.14968312 12.63037992
0.15245503 12.79863013
0.15522694 12.96336007
0.15799885 13.12451691
0.16077075 13.28204873
0.16354266 13.43590450
0.16631457 13.58603415
0.16908648 13.73238860
0.17185839 13.87491975
0.17463030 14.01358058
0.17740221 14.14832512
0.18017412 14.27910850
0.18294603 14.40588701
0.18571794 14.52861809
0.18848985 14.64726038
0.19126176 14.76177373
0.19403367 14.87211926
0.19680558 14.97825937
0.19957749 15.08015775
0.20234940 15.17777945
0.20512131 15.27109086
0.20789322 15.36005977
0.21066513 15.44465536
0.21343704 15.52484827
0.21620895 15.60061057
0.21898086 15.67191581
0.22175277 15.73873907
0.22452467 15.80105689
0.22729658 15.85884740
0.23006849 15.91209023
0.23284040 15.96076663
0.23561231 16.00485938
0.23838422 16.04435290
0.24115613 16.07923319
0.24392804 16.10948789
0.24669995 16.13510625
0.24947186 16.15607916
0.25224377 16.17239917
0.25501568 16.18406047
0.25778759 16.19105892
0.26055950 16.19339201

0.26055950 16.19339201
0.26335107 16.19178401
0.26614263 16.18696074
0.26893420 16.17892442
0.27172577 16.16767873
0.27451733 16.15322882
0.27730890 16.13558130
0.28010046 16.11474424
0.28289203 16.09072719
0.28568360 16.06354112
0.28847516 16.03319844
0.29126673 15.99971299
0.29405830 15.96310006
0.29684986 15.92337631
0.29964143 15.88055981
0.30243300 15.83467002
0.30522456 15.78572776
0.30801613 15.73375520
0.31080770 15.67877586
0.31359926 15.62081456
0.31639083 15.55989745
0.31918240 15.49605192
0.32197396 15.42930664
0.32476553 15.35969154
0.32755709 15.28723773
0.33034866 15.21197754
0.33314023 15.13394444
0.33593179 15.05317307
0.33872336 14.96969917
0.34151493 14.88355958
0.34430649 14.79479218
0.34709806 14.70343591
0.34988963 14.60953068
0.35268119 14.51311740

0.35268119 14.51311740
0.35544484 14.41523876
0.35820850 14.31498445
0.36097215 14.21239676
0.36373580 14.10751880
0.36649945 14.00039447
0.36926310 13.89106838
0.37202675 13.77958585
0.37479040 13.66599287
0.37755405 13.55033607
0.38031770 13.43266266
0.38308135 13.31302042
0.38584500 13.19145762
0.38860865 13.06802306
0.39137231 13.00098897
0.39413596 13.05825502
0.39689961 13.11125328
0.39966326 13.15985930
0.40242691 13.20395481
0.40519056 13.24342763
0.40795421 13.27817151
0.41071786 13.30808608
0.41348151 13.33307674
0.41624516 13.35305456
0.41900881 13.36793616
0.42177246 13.37764368
0.42453611 13.38210466
0.42729977 13.38125197
0.43006342 13.37502371
0.43282707 13.36336318
0.43559072 13.34621874
0.43835437 13.32354381
0.44111802 13.29529677
0.44388167 13.26144087
0.44664532 13.22194421
0.44940897 13.17677963
0.45217262 13.12592471
0.45493627 13.06936164
0.45769992 13.00707720
0.46046358 12.93906272
0.46322723 12.86531395
0.46599088 12.78583109
0.46875453 12.70061869
0.47151818 12.60968557
0.47428183 12.51304481
0.47704548 12.41071369
0.47980913 12.30271359
0.48257278 12.18906999
0.48533643 12.06981236
0.48810008 11.94497416
0.49086373 11.81459275
0.49362739 11.67870933
0.49639104 11.53736890
0.49915469 11.39062018
0.50191834 11.23851558
0.50468199 11.08111113
0.50744564 10.91846641
0.51020929 10.75064450
0.51297294 10.57771191
0.51573659 10.39973853
0.51850024 10.21679757
0.52126389 10.02896547
0.52402754 9.83632187
0.52679120 9.63894953
0.52955485 9.43693426
0.53231850 9.23036484
0.53508215 9.01933301
0.53784580 8.80393331
0.54060945 8.58426311
0.54337310 8.36042246
0.54613675 8.13251405
0.54890040 7.90064316
0.55166405 7.66491755
0.55442770 7.42544738
0.55719135 7.18234521
0.55995501 6.93572581
0.56271866 6.68570619
0.56548231 6.43240545
0.56824596 6.17594474
0.57100961 5.91644716
0.57377326 5.65403772
0.57653691 5.38884319
0.57930056 5.12099208
0.58206421 4.85061454
0.58482786 4.57784228
0.58759151 4.30280845
0.59035516 4.02564764
0.59311882 3.74649570
0.59588247 3.46548971
0.59864612 3.18276791
0.60140977 2.89846956
0.60417342 2.61273489
0.60693707 2.32570500
0.60970072 2.03752177
0.61246437 1.74832778
0.61522802 1.45826619
0.61799167 1.16748058
0.62075532 0.87611482
0.62351897 0.58431240
0.62628263 0.29221282
0.62904628 -0.00352253

0.62904628 -0.00352253
0.63183209 0.30303500
0.63461791 0.60598673
0.63740373 0.90870376
0.64018954 1.21107734
0.64297536 1.51299481
0.64576118 1.81434296
0.64854699 2.11500861
0.65133281 2.41487877
0.65411863 2.71384072
0.65690444 3.01178204
0.65969026 3.30859070
0.66247608 3.60415512
0.66526189 3.89836413
0.66804771 4.19110711
0.67083353 4.48227396
0.67361934 4.77175521
0.67640516 5.05944198
0.67919098 5.34522610
0.68197679 5.62900008
0.68476261 5.91065723
0.68754843 6.19009161
0.69033424 6.46719814
0.69312006 6.74187263
0.69590588 7.01401176
0.69869169 7.28351321
0.70147751 7.55027563
0.70426332 7.81419869
0.70704914 8.07518315
0.70983496 8.33313087
0.71262077 8.58794483
0.71540659 8.83952921
0.71819241 9.08778941
0.72097822 9.33263206
0.72376404 9.57396508
0.72654986 9.81169773
0.72933567 10.04574060
0.73212149 10.27600568
0.73490731 10.50240637
0.73769312 10.72485753
0.74047894 10.94327551
0.74326476 11.15757818
0.74605057 11.36768493
0.74883639 11.57351676
0.75162221 11.77499626
0.75440802 11.97204767
0.75719384 12.16459688
0.75997966 12.35257148
0.76276547 12.53590079
0.76555129 12.71451585
0.76833711 12.88834951
0.77112292 13.05733638
0.77390874 13.22141292
0.77669456 13.38051743
0.77948037 13.53459007
0.78226619 13.68357291
0.78505201 13.82740991
0.78783782 13.96604700
0.79062364 14.09943202
0.79340946 14.22751482
0.79619527 14.35024723
0.79898109 14.46758310
0.80176691 14.57947831
0.80455272 14.68589077
0.80733854 14.78678046
0.81012436 14.88210946
0.81291017 14.97184190
0.81569599 15.05594404
0.81848181 15.13438426
0.82126762 15.20713305
0.82405344 15.27416306
0.82683926 15.33544909
0.82962507 15.39096807
0.83241089 15.44069915
0.83519671 15.48462361
0.83798252 15.52272493
0.84076834 15.55498879
0.84355416 15.58140306
0.84633997 15.60195780
0.84912579 15.61664528
0.85191161 15.62545998
0.85469742 15.62839858

0.85469742 15.62839858
0.85748899 15.62742154
0.86028055 15.62449119
0.86307212 15.61960975
0.86586369 15.61278097
0.86865525 15.60401009
0.87144682 15.59330388
0.87423839 15.58067060
0.87702995 15.56612006
0.87982152 15.54966361
0.88261309 15.53131419
0.88540465 15.51108629
0.88819622 15.48899604
0.89098779 15.46506118
0.89377935 15.43930114
0.89657092 15.41173705
0.89936249 15.38239176
0.90215405 15.35128994
0.90494562 15.31845809
0.90773719 15.28392459
0.91052875 15.24771982
0.91332032 15.20987616
0.91611188 15.17042812
0.91890345 15.12941242
0.92169502 15.08686808
0.92448658 15.04283657
0.92727815 14.99736188
0.93006972 14.95049071
0.93286128 14.90227263
0.93565285 14.85276021
0.93844442 14.80200929
0.94123598 14.75007914
0.94402755 14.69703274
0.94681912 14.64293703
0.94961068 14.58786327
0.95240225 14.53188729
0.95519382 14.47508997
0.95798538 14.41755755
0.96077695 14.35938216
0.96356852 14.30066228
0.96636008 14.24150333
0.96915165 14.18201819
0.97194321 14.12232790
0.97473478 14.06256230
0.97752635 14.00286079
0.98031791 13.94337301
0.98310948 13.88425966
0.98590105 13.82569319
0.98869261 13.76785856
0.99148418 13.71095381
0.99427575 13.65519060
0.99706731 13.60079450
0.99985888 13.54800496
1.00265045 13.49707499
1.00544201 13.44827025
1.00823358 13.40186761
1.01102515 13.35815286
1.01381671 13.31741767
1.01660828 13.27995554
1.01939984 13.24605675
1.02219141 13.21600243
1.02498298 13.19005774
1.02777454 13.16846463
1.03056611 13.15143423
1.03335768 13.13913975
1.03614924 13.13171001
1.03894081 13.12922448

1.03894081 13.12922448
1.04171272 13.24051476
1.04448463 13.35092942
1.04725654 13.46036734
1.05002845 13.56872995
1.05280036 13.67592122
1.05557227 13.78184765
1.05834418 13.88641817
1.06111609 13.98954417
1.06388800 14.09113945
1.06665991 14.19112017
1.06943182 14.28940486
1.07220373 14.38591436
1.07497563 14.48057182
1.07774754 14.57330265
1.08051945 14.66403453
1.08329136 14.75269740
1.08606327 14.83922338
1.08883518 14.92354683
1.09160709 15.00560428
1.09437900 15.08533448
1.09715091 15.16267832
1.09992282 15.23757886
1.10269473 15.30998133
1.10546664 15.37983310
1.10823855 15.44708368
1.11101046 15.51168474
1.11378237 15.57359008
1.11655428 15.63275564
1.11932619 15.68913950
1.12209810 15.74270186
1.12487001 15.79340508
1.12764192 15.84121364
1.13041383 15.88609416
1.13318574 15.92801541
1.13595765 15.96694830
1.13872955 16.00286587
1.14150146 16.03574331
1.14427337 16.06555797
1.14704528 16.09228935
1.14981719 16.11591908
1.15258910 16.13643096
1.15536101 16.15381095
1.15813292 16.16804715
1.16090483 16.17912985
1.16367674 16.18705147
1.16644865 16.19180660
1.16922056 16.19339201



