256  
1    

1    
  0.1000000000000000   0.0000000000000000   0.0000000000000000
  -0.6607210013    0.0000004100   -0.0000001951
   0.2421699987    0.0000003067   -0.0000001503
   0.0257466987    0.0000003139   -0.0000001508
   0.0601176987    0.0000003344   -0.0000001543
  -0.0019443913    0.0108924002   -0.0000001508
  -0.0022814913   -0.0087388198   -0.0000001504
   0.0000002238    0.0000003129   -0.0000001504
  -0.0019920213   -0.0032727898   -0.0000001507
   0.0000593594    0.0000003136   -0.0000001504
   0.0000002239    0.0000003129   -0.0000001504
   0.0000002239    0.0000003129   -0.0000001504
   0.0000002239    0.0000003129   -0.0000001504
  -0.0019443913   -0.0108917998   -0.0000001496
  -0.0022814713    0.0087393702   -0.0000001504
   0.0000002354    0.0000003129   -0.0000001504
  -0.0019920013    0.0032733902   -0.0000001507
  -0.0019444813    0.0000003637    0.0108919991
  -0.0022815413    0.0000003639   -0.0087392109
   0.0000001562    0.0000003642   -0.0000001504
  -0.0019920813    0.0000003651   -0.0032732009
  -0.0002202353   -0.0005182158   -0.0005187299
   0.0000002108    0.0000003285   -0.0000001861
   0.0000002076    0.0000003642   -0.0000001504
   0.0000002076    0.0000003642   -0.0000001504
   0.0000002077    0.0000003642   -0.0000001504
   0.0000002077    0.0000003642   -0.0000001504
   0.0000002077    0.0000003642   -0.0000001504
   0.0000002077    0.0000003642   -0.0000001504
  -0.0002202243    0.0005189432   -0.0005187309
   0.0000002224    0.0000003999   -0.0000001861
   0.0000002192    0.0000003642   -0.0000001504
   0.0000002192    0.0000003642   -0.0000001504
   0.0000592917    0.0000003643   -0.0000001506
   0.0000001562    0.0000003643   -0.0000001504
   0.0000001562    0.0000003643   -0.0000001504
   0.0000001562    0.0000003643   -0.0000001504
   0.0000002076    0.0000003643   -0.0000001504
   0.0000002076    0.0000003643   -0.0000001504
   0.0000002076    0.0000003643   -0.0000001504
   0.0000002076    0.0000003643   -0.0000001504
   0.0000002077    0.0000003643   -0.0000001504
   0.0000002077    0.0000003643   -0.0000001504
   0.0000002077    0.0000003643   -0.0000001504
   0.0000002077    0.0000003643   -0.0000001504
   0.0000002191    0.0000003643   -0.0000001504
   0.0000002191    0.0000003643   -0.0000001504
   0.0000002191    0.0000003643   -0.0000001504
   0.0000002191    0.0000003643   -0.0000001504
  -0.0019444813    0.0000003735   -0.0108923009
  -0.0022815513    0.0000003751    0.0087389491
   0.0000001526    0.0000003757   -0.0000001504
  -0.0019920913    0.0000003763    0.0032729091
  -0.0002202393   -0.0005182038    0.0005184291
   0.0000002072    0.0000003400   -0.0000001147
   0.0000002040    0.0000003757   -0.0000001504
   0.0000002040    0.0000003757   -0.0000001504
   0.0000002041    0.0000003757   -0.0000001504
   0.0000002041    0.0000003757   -0.0000001504
   0.0000002041    0.0000003757   -0.0000001504
   0.0000002041    0.0000003757   -0.0000001504
  -0.0002202273    0.0005189552    0.0005184301
   0.0000002187    0.0000004115   -0.0000001147
   0.0000002155    0.0000003757   -0.0000001504
   0.0000002155    0.0000003757   -0.0000001504
  -0.0540468013   -0.0142680998   -0.0142676009
  -0.0002093013    0.0107936002    0.0107940991
   0.0000004231   -0.0000003760    0.0000001374
   0.0091155487   -0.0077959698   -0.0077954509
   0.0000917422   -0.0011481898   -0.0004506199
   0.0000002142   -0.0000001894    0.0000001374
   0.0000002145   -0.0000003758    0.0000001376
   0.0000002145   -0.0000003758    0.0000001376
   0.0000917423    0.0011474502   -0.0004506219
   0.0000002143   -0.0000005623    0.0000001374
   0.0000002146   -0.0000003758    0.0000001376
   0.0000002146   -0.0000003758    0.0000001376
  -0.0540467013    0.0142673002   -0.0142676009
  -0.0002093033   -0.0107942998    0.0107940991
   0.0000004861   -0.0000003757    0.0000001374
   0.0091155987    0.0077952202   -0.0077954509
   0.0000917271   -0.0004511218   -0.0011476809
   0.0000001992   -0.0000003646    0.0000003240
   0.0000001994   -0.0000003644    0.0000001376
   0.0000001994   -0.0000003644    0.0000001376
   0.0000002108   -0.0000003644    0.0000001376
   0.0000002108   -0.0000003644    0.0000001376
   0.0000002108   -0.0000003644    0.0000001376
   0.0000002108   -0.0000003644    0.0000001376
   0.0000002110   -0.0000003644    0.0000001376
   0.0000002110   -0.0000003644    0.0000001376
   0.0000002110   -0.0000003644    0.0000001376
   0.0000002110   -0.0000003644    0.0000001376
   0.0000917900    0.0004503942   -0.0011476809
   0.0000002621   -0.0000003643    0.0000003240
   0.0000002623   -0.0000003644    0.0000001376
   0.0000002623   -0.0000003644    0.0000001376
   0.0000917271   -0.0004511208    0.0011479491
   0.0000001991   -0.0000003644   -0.0000000489
   0.0000001994   -0.0000003643    0.0000001376
   0.0000001994   -0.0000003643    0.0000001376
   0.0000002108   -0.0000003643    0.0000001376
   0.0000002108   -0.0000003643    0.0000001376
   0.0000002108   -0.0000003643    0.0000001376
   0.0000002108   -0.0000003643    0.0000001376
   0.0000002109   -0.0000003643    0.0000001376
   0.0000002109   -0.0000003643    0.0000001376
   0.0000002109   -0.0000003643    0.0000001376
   0.0000002109   -0.0000003643    0.0000001376
   0.0000917900    0.0004503932    0.0011479591
   0.0000002621   -0.0000003642   -0.0000000489
   0.0000002623   -0.0000003643    0.0000001376
   0.0000002623   -0.0000003643    0.0000001376
  -0.0540469013   -0.0142679998    0.0142678991
  -0.0002092963    0.0107937002   -0.0107939009
   0.0000004033   -0.0000003132    0.0000001377
   0.0091155387   -0.0077959098    0.0077957291
   0.0000917223   -0.0011481298    0.0004508951
   0.0000001944   -0.0000001266    0.0000001377
   0.0000001946   -0.0000003130    0.0000001376
   0.0000001946   -0.0000003130    0.0000001376
   0.0000917224    0.0011475102    0.0004508961
   0.0000001945   -0.0000004995    0.0000001377
   0.0000001947   -0.0000003130    0.0000001376
   0.0000001947   -0.0000003130    0.0000001376
  -0.0540468013    0.0142674002    0.0142678991
  -0.0002093023   -0.0107942998   -0.0107938009
   0.0000004662   -0.0000003129    0.0000001377
   0.0091155787    0.0077952702    0.0077957091
   0.0476358987    0.0000002011    0.1156659991
   0.0146944987    0.0000003573    0.0046380691
   0.0080995587    0.0000003593    0.0037692491
   0.0426947987    0.0000004791   -0.1041830009
   0.0042549587    0.0208347002    0.0013274891
  -0.0000002576    0.0000003078    0.0000001421
  -0.0000002091    0.0000003578    0.0000001404
   0.0063905687   -0.0211097998   -0.0016231009
  -0.0000002090    0.0000003578    0.0000001404
  -0.0000002090    0.0000003578    0.0000001404
  -0.0000002090    0.0000003578    0.0000001404
  -0.0000002090    0.0000003578    0.0000001404
   0.0042549687   -0.0208339998    0.0013274991
  -0.0000002460    0.0000004078    0.0000001421
  -0.0000001975    0.0000003578    0.0000001404
   0.0063905787    0.0211105002   -0.0016231009
  -0.0003901743    0.0000003693    0.0230451991
  -0.0000002641    0.0000003692    0.0000001404
  -0.0000002641    0.0000003692    0.0000001404
   0.0005114007    0.0000003698   -0.0166044009
  -0.0000002127    0.0000003692    0.0000001404
  -0.0000002127    0.0000003692    0.0000001404
  -0.0000002127    0.0000003692    0.0000001404
  -0.0000002127    0.0000003692    0.0000001404
  -0.0000002126    0.0000003692    0.0000001404
  -0.0000002126    0.0000003692    0.0000001404
  -0.0000002126    0.0000003692    0.0000001404
  -0.0000002126    0.0000003692    0.0000001404
  -0.0000002011    0.0000003692    0.0000001404
  -0.0000002011    0.0000003692    0.0000001404
  -0.0000002011    0.0000003692    0.0000001404
  -0.0000002011    0.0000003692    0.0000001404
  -0.0003901733    0.0000003696   -0.0230450009
  -0.0000002641    0.0000003693    0.0000001404
  -0.0000002641    0.0000003693    0.0000001404
   0.0005113997    0.0000003699    0.0166045991
  -0.0000002127    0.0000003693    0.0000001404
  -0.0000002127    0.0000003693    0.0000001404
  -0.0000002127    0.0000003693    0.0000001404
  -0.0000002127    0.0000003693    0.0000001404
  -0.0000002126    0.0000003693    0.0000001404
  -0.0000002126    0.0000003693    0.0000001404
  -0.0000002126    0.0000003693    0.0000001404
  -0.0000002126    0.0000003693    0.0000001404
  -0.0000002012    0.0000003693    0.0000001404
  -0.0000002012    0.0000003693    0.0000001404
  -0.0000002012    0.0000003693    0.0000001404
  -0.0000002012    0.0000003693    0.0000001404
   0.0476357987    0.0000002285   -0.1156650009
   0.0146945987    0.0000004201   -0.0046377809
   0.0080995287    0.0000004221   -0.0037689709
   0.0426946987    0.0000005767    0.1041829991
   0.0042549387    0.0208348002   -0.0013272109
  -0.0000002774    0.0000003706    0.0000001388
  -0.0000002289    0.0000004206    0.0000001404
   0.0063905387   -0.0211096998    0.0016233791
  -0.0000002288    0.0000004206    0.0000001404
  -0.0000002288    0.0000004206    0.0000001404
  -0.0000002288    0.0000004206    0.0000001404
  -0.0000002288    0.0000004206    0.0000001404
   0.0042549487   -0.0208338998   -0.0013272309
  -0.0000002659    0.0000004706    0.0000001388
  -0.0000002174    0.0000004206    0.0000001404
   0.0063905587    0.0211106002    0.0016233991
   0.0476357987    0.1156650002   -0.0000000730
   0.0146945987    0.0046375002   -0.0000001306
   0.0080995887    0.0037687002   -0.0000001304
   0.0426947987   -0.1041829998   -0.0000001736
  -0.0003901043    0.0230447002   -0.0000001311
  -0.0000001947   -0.0000004196   -0.0000001310
  -0.0000001947   -0.0000004196   -0.0000001310
   0.0005114697   -0.0166048998   -0.0000001312
  -0.0003901053   -0.0230453998   -0.0000001311
  -0.0000001946   -0.0000004196   -0.0000001310
  -0.0000001946   -0.0000004196   -0.0000001310
   0.0005114717    0.0166041002   -0.0000001312
   0.0476359987   -0.1156659998   -0.0000000824
   0.0146945987   -0.0046383498   -0.0000001306
   0.0080996687   -0.0037695298   -0.0000001304
   0.0426949987    0.1041820002   -0.0000001632
   0.0042549387    0.0013270002    0.0208341991
  -0.0000002708   -0.0000003667   -0.0000001811
  -0.0000002224   -0.0000003683   -0.0000001310
   0.0063905487   -0.0016236198   -0.0211103009
  -0.0000002109   -0.0000003683   -0.0000001310
  -0.0000002109   -0.0000003683   -0.0000001310
  -0.0000002109   -0.0000003683   -0.0000001310
  -0.0000002109   -0.0000003683   -0.0000001310
  -0.0000002108   -0.0000003683   -0.0000001310
  -0.0000002108   -0.0000003683   -0.0000001310
  -0.0000002108   -0.0000003683   -0.0000001310
  -0.0000002108   -0.0000003683   -0.0000001310
   0.0042550087   -0.0013277198    0.0208341991
  -0.0000002079   -0.0000003699   -0.0000001811
  -0.0000001594   -0.0000003683   -0.0000001310
   0.0063906187    0.0016228702   -0.0211103009
  -0.0000002224   -0.0000003682   -0.0000001310
  -0.0000002224   -0.0000003682   -0.0000001310
  -0.0000002224   -0.0000003682   -0.0000001310
  -0.0000002224   -0.0000003682   -0.0000001310
  -0.0000002110   -0.0000003682   -0.0000001310
  -0.0000002110   -0.0000003682   -0.0000001310
  -0.0000002110   -0.0000003682   -0.0000001310
  -0.0000002110   -0.0000003682   -0.0000001310
  -0.0000002109   -0.0000003682   -0.0000001310
  -0.0000002109   -0.0000003682   -0.0000001310
  -0.0000002109   -0.0000003682   -0.0000001310
  -0.0000002109   -0.0000003682   -0.0000001310
  -0.0000001595   -0.0000003682   -0.0000001310
  -0.0000001595   -0.0000003682   -0.0000001310
  -0.0000001595   -0.0000003682   -0.0000001310
  -0.0000001595   -0.0000003682   -0.0000001310
   0.0042549387    0.0013270202   -0.0208345009
  -0.0000002745   -0.0000003551   -0.0000000810
  -0.0000002260   -0.0000003568   -0.0000001310
   0.0063905487   -0.0016236098    0.0211099991
  -0.0000002146   -0.0000003568   -0.0000001310
  -0.0000002146   -0.0000003568   -0.0000001310
  -0.0000002146   -0.0000003568   -0.0000001310
  -0.0000002146   -0.0000003568   -0.0000001310
  -0.0000002145   -0.0000003568   -0.0000001310
  -0.0000002145   -0.0000003568   -0.0000001310
  -0.0000002145   -0.0000003568   -0.0000001310
  -0.0000002145   -0.0000003568   -0.0000001310
   0.0042549987   -0.0013276998   -0.0208344009
  -0.0000002116   -0.0000003584   -0.0000000810
  -0.0000001631   -0.0000003568   -0.0000001310
   0.0063906087    0.0016228702    0.0211099991
