# End points of segments: 
#   0.00000000 0.24756810 0.33509670 0.59768230 0.81208260 
0.000000 -0.000000
0.002476 0.084918
0.004951 0.169820
0.007427 0.254690
0.009903 0.339511
0.012378 0.424268
0.014854 0.508943
0.017330 0.593522
0.019805 0.677987
0.022281 0.762322
0.024757 0.846512
0.027232 0.930538
0.029708 1.014386
0.032184 1.098038
0.034660 1.181477
0.037135 1.264687
0.039611 1.347652
0.042087 1.430353
0.044562 1.512775
0.047038 1.594899
0.049514 1.676709
0.051989 1.758187
0.054465 1.839317
0.056941 1.920079
0.059416 2.000458
0.061892 2.080434
0.064368 2.159990
0.066843 2.239109
0.069319 2.317771
0.071795 2.395960
0.074270 2.473656
0.076746 2.550840
0.079222 2.627496
0.081698 2.703604
0.084173 2.779145
0.086649 2.854100
0.089124 2.928451
0.091600 3.002179
0.094076 3.075265
0.096552 3.147689
0.099027 3.219433
0.101503 3.290478
0.103979 3.360804
0.106454 3.430392
0.108930 3.499222
0.111406 3.567276
0.113881 3.634535
0.116357 3.700979
0.118833 3.766588
0.121308 3.831344
0.123784 3.895227
0.126260 3.958219
0.128735 4.020301
0.131211 4.081453
0.133687 4.141656
0.136162 4.200893
0.138638 4.259144
0.141114 4.316390
0.143590 4.372614
0.146065 4.427798
0.148541 4.481923
0.151017 4.534971
0.153492 4.586926
0.155968 4.637769
0.158444 4.687484
0.160919 4.736053
0.163395 4.783460
0.165871 4.829689
0.168346 4.874724
0.170822 4.918549
0.173298 4.961148
0.175773 5.002506
0.178249 5.042609
0.180725 5.081443
0.183200 5.118992
0.185676 5.155244
0.188152 5.190186
0.190628 5.223804
0.193103 5.256086
0.195579 5.287020
0.198054 5.316595
0.200530 5.344800
0.203006 5.371623
0.205482 5.397056
0.207957 5.421088
0.210433 5.443710
0.212909 5.464913
0.215384 5.484690
0.217860 5.503033
0.220336 5.519935
0.222811 5.535389
0.225287 5.549389
0.227763 5.561930
0.230238 5.573008
0.232714 5.582617
0.235190 5.590754
0.237665 5.597416
0.240141 5.602600
0.242617 5.606305
0.245092 5.608528
0.247568 5.609269

0.247568 5.609269
0.248443 5.609222
0.249319 5.609080
0.250194 5.608843
0.251069 5.608512
0.251945 5.608085
0.252820 5.607565
0.253695 5.606949
0.254570 5.606239
0.255446 5.605434
0.256321 5.604534
0.257196 5.603540
0.258072 5.602450
0.258947 5.601266
0.259822 5.599987
0.260697 5.598614
0.261573 5.597145
0.262448 5.595582
0.263323 5.593924
0.264199 5.592170
0.265074 5.590322
0.265949 5.588379
0.266824 5.586341
0.267700 5.584208
0.268575 5.581980
0.269450 5.579657
0.270325 5.577239
0.271201 5.574725
0.272076 5.572117
0.272951 5.569413
0.273827 5.566614
0.274702 5.563720
0.275577 5.560731
0.276452 5.557646
0.277328 5.554466
0.278203 5.551190
0.279078 5.547819
0.279954 5.544353
0.280829 5.540791
0.281704 5.537134
0.282579 5.533381
0.283455 5.529532
0.284330 5.525588
0.285205 5.521548
0.286081 5.517413
0.286956 5.513181
0.287831 5.508854
0.288706 5.504431
0.289582 5.499912
0.290457 5.495298
0.291332 5.490587
0.292208 5.485780
0.293083 5.480878
0.293958 5.475879
0.294834 5.470785
0.295709 5.465594
0.296584 5.460307
0.297459 5.454924
0.298335 5.449445
0.299210 5.443870
0.300085 5.438198
0.300961 5.432431
0.301836 5.426567
0.302711 5.420606
0.303586 5.414550
0.304462 5.408397
0.305337 5.402148
0.306212 5.395802
0.307088 5.389360
0.307963 5.382822
0.308838 5.376188
0.309713 5.369457
0.310589 5.362630
0.311464 5.355706
0.312339 5.348686
0.313215 5.341570
0.314090 5.334357
0.314965 5.327048
0.315840 5.319643
0.316716 5.312141
0.317591 5.304544
0.318466 5.296849
0.319342 5.289059
0.320217 5.281173
0.321092 5.273190
0.321967 5.265111
0.322843 5.256937
0.323718 5.248666
0.324593 5.240299
0.325468 5.231836
0.326344 5.223278
0.327219 5.214623
0.328094 5.205873
0.328970 5.197027
0.329845 5.188086
0.330720 5.179049
0.331595 5.169917
0.332471 5.160689
0.333346 5.151366
0.334221 5.141948
0.335097 5.132435

0.335097 5.132435
0.337722 5.103326
0.340348 5.073365
0.342974 5.042557
0.345600 5.010905
0.348226 4.978412
0.350852 4.945086
0.353478 4.910929
0.356104 4.875949
0.358729 4.840152
0.361355 4.803544
0.363981 4.766133
0.366607 4.727927
0.369233 4.688933
0.371859 4.649162
0.374484 4.608622
0.377110 4.567324
0.379736 4.525277
0.382362 4.482494
0.384988 4.438986
0.387614 4.394765
0.390240 4.349844
0.392865 4.304236
0.395491 4.257955
0.398117 4.211015
0.400743 4.163431
0.403369 4.115219
0.405995 4.066395
0.408621 4.016974
0.411247 3.966973
0.413872 3.916410
0.416498 3.865302
0.419124 3.813667
0.421750 3.761524
0.424376 3.708891
0.427002 3.655787
0.429627 3.602232
0.432253 3.548245
0.434879 3.493846
0.437505 3.439055
0.440131 3.383892
0.442757 3.328378
0.445383 3.272533
0.448008 3.216378
0.450634 3.159933
0.453260 3.103219
0.455886 3.046256
0.458512 2.989066
0.461138 2.931667
0.463764 2.874082
0.466390 2.816329
0.469015 2.758429
0.471641 2.700401
0.474267 2.642265
0.476893 2.584039
0.479519 2.525743
0.482145 2.467393
0.484770 2.409009
0.487396 2.350608
0.490022 2.292205
0.492648 2.233818
0.495274 2.175461
0.497900 2.117150
0.500526 2.058899
0.503151 2.000722
0.505777 1.942630
0.508403 1.884638
0.511029 1.826754
0.513655 1.768991
0.516281 1.711357
0.518907 1.653862
0.521532 1.596513
0.524158 1.539317
0.526784 1.482280
0.529410 1.425407
0.532036 1.368704
0.534662 1.312171
0.537288 1.255813
0.539914 1.199631
0.542539 1.143624
0.545165 1.087793
0.547791 1.032136
0.550417 0.976651
0.553043 0.921334
0.555669 0.866182
0.558295 0.811190
0.560920 0.756351
0.563546 0.701660
0.566172 0.647110
0.568798 0.592692
0.571424 0.538397
0.574050 0.484218
0.576676 0.430143
0.579301 0.376163
0.581927 0.322266
0.584553 0.268443
0.587179 0.214680
0.589805 0.160967
0.592431 0.107290
0.595056 0.053639
0.597682 -0.000000

0.597682 -0.000000
0.599826 0.055511
0.601970 0.111020
0.604114 0.166526
0.606258 0.222027
0.608402 0.277519
0.610546 0.333003
0.612690 0.388475
0.614834 0.443933
0.616978 0.499374
0.619122 0.554796
0.621266 0.610195
0.623410 0.665568
0.625554 0.720912
0.627698 0.776221
0.629842 0.831493
0.631986 0.886722
0.634130 0.941903
0.636274 0.997031
0.638418 1.052098
0.640562 1.107100
0.642706 1.162029
0.644850 1.216878
0.646994 1.271639
0.649138 1.326302
0.651282 1.380861
0.653426 1.435305
0.655570 1.489624
0.657714 1.543807
0.659858 1.597845
0.662002 1.651725
0.664146 1.705436
0.666290 1.758964
0.668434 1.812297
0.670578 1.865422
0.672722 1.918325
0.674866 1.970990
0.677010 2.023403
0.679154 2.075549
0.681298 2.127411
0.683442 2.178973
0.685586 2.230220
0.687730 2.281132
0.689874 2.331693
0.692018 2.381886
0.694163 2.431691
0.696307 2.481090
0.698450 2.530064
0.700595 2.578594
0.702739 2.626660
0.704882 2.674244
0.707027 2.721324
0.709171 2.767881
0.711314 2.813895
0.713458 2.859345
0.715603 2.904211
0.717746 2.948471
0.719890 2.992106
0.722035 3.035095
0.724178 3.077417
0.726322 3.119051
0.728467 3.159977
0.730611 3.200175
0.732754 3.239623
0.734899 3.278302
0.737043 3.316191
0.739186 3.353271
0.741331 3.389521
0.743475 3.424923
0.745618 3.459457
0.747762 3.493104
0.749907 3.525846
0.752050 3.557663
0.754194 3.588540
0.756339 3.618457
0.758482 3.647398
0.760626 3.675346
0.762771 3.702285
0.764915 3.728200
0.767058 3.753075
0.769203 3.776895
0.771347 3.799646
0.773491 3.821316
0.775635 3.841890
0.777779 3.861357
0.779923 3.879704
0.782067 3.896921
0.784211 3.912997
0.786355 3.927923
0.788499 3.941688
0.790643 3.954285
0.792787 3.965706
0.794931 3.975945
0.797075 3.984993
0.799219 3.992847
0.801363 3.999500
0.803507 4.004950
0.805651 4.009192
0.807795 4.012224
0.809939 4.014043
0.812083 4.014650


0.000000 -0.000000
0.002476 0.084918
0.004951 0.169820
0.007427 0.254690
0.009903 0.339511
0.012378 0.424268
0.014854 0.508943
0.017330 0.593522
0.019805 0.677987
0.022281 0.762322
0.024757 0.846512
0.027232 0.930538
0.029708 1.014386
0.032184 1.098038
0.034660 1.181477
0.037135 1.264687
0.039611 1.347652
0.042087 1.430353
0.044562 1.512775
0.047038 1.594899
0.049514 1.676709
0.051989 1.758187
0.054465 1.839317
0.056941 1.920079
0.059416 2.000458
0.061892 2.080434
0.064368 2.159990
0.066843 2.239109
0.069319 2.317771
0.071795 2.395960
0.074270 2.473656
0.076746 2.550840
0.079222 2.627496
0.081698 2.703604
0.084173 2.779145
0.086649 2.854100
0.089124 2.928451
0.091600 3.002179
0.094076 3.075265
0.096552 3.147689
0.099027 3.219433
0.101503 3.290478
0.103979 3.360804
0.106454 3.430392
0.108930 3.499222
0.111406 3.567276
0.113881 3.634535
0.116357 3.700979
0.118833 3.766588
0.121308 3.831344
0.123784 3.895227
0.126260 3.958219
0.128735 4.020301
0.131211 4.081453
0.133687 4.141656
0.136162 4.200893
0.138638 4.259144
0.141114 4.316390
0.143590 4.372614
0.146065 4.427798
0.148541 4.481923
0.151017 4.534971
0.153492 4.586926
0.155968 4.637769
0.158444 4.687484
0.160919 4.736053
0.163395 4.783460
0.165871 4.829689
0.168346 4.874724
0.170822 4.918549
0.173298 4.961148
0.175773 5.002506
0.178249 5.042609
0.180725 5.081443
0.183200 5.118992
0.185676 5.155244
0.188152 5.190186
0.190628 5.223804
0.193103 5.256086
0.195579 5.287020
0.198054 5.316595
0.200530 5.344800
0.203006 5.371623
0.205482 5.397056
0.207957 5.421088
0.210433 5.443710
0.212909 5.464913
0.215384 5.484690
0.217860 5.503033
0.220336 5.519935
0.222811 5.535389
0.225287 5.549389
0.227763 5.561930
0.230238 5.573008
0.232714 5.582617
0.235190 5.590754
0.237665 5.597416
0.240141 5.602600
0.242617 5.606305
0.245092 5.608528
0.247568 5.609269

0.247568 5.609269
0.248443 5.609474
0.249319 5.610087
0.250194 5.611109
0.251069 5.612539
0.251945 5.614376
0.252820 5.616620
0.253695 5.619268
0.254570 5.622320
0.255446 5.625773
0.256321 5.629627
0.257196 5.633878
0.258072 5.638525
0.258947 5.643564
0.259822 5.648994
0.260697 5.654810
0.261573 5.661011
0.262448 5.667592
0.263323 5.674551
0.264199 5.681883
0.265074 5.689584
0.265949 5.697650
0.266824 5.706078
0.267700 5.714862
0.268575 5.723998
0.269450 5.733481
0.270325 5.743307
0.271201 5.753470
0.272076 5.763964
0.272951 5.774786
0.273827 5.785928
0.274702 5.797386
0.275577 5.809154
0.276452 5.821226
0.277328 5.833596
0.278203 5.846257
0.279078 5.859205
0.279954 5.872431
0.280829 5.885931
0.281704 5.899698
0.282579 5.913724
0.283455 5.928005
0.284330 5.942532
0.285205 5.957299
0.286081 5.972300
0.286956 5.987527
0.287831 6.002974
0.288706 6.018634
0.289582 6.034500
0.290457 6.050565
0.291332 6.066821
0.292208 6.083262
0.293083 6.099881
0.293958 6.116671
0.294834 6.133625
0.295709 6.150735
0.296584 6.167994
0.297459 6.185396
0.298335 6.202933
0.299210 6.220598
0.300085 6.238384
0.300961 6.256284
0.301836 6.274292
0.302711 6.292399
0.303586 6.310599
0.304462 6.328886
0.305337 6.347251
0.306212 6.365689
0.307088 6.384191
0.307963 6.402753
0.308838 6.421366
0.309713 6.440023
0.310589 6.458719
0.311464 6.477447
0.312339 6.496199
0.313215 6.514969
0.314090 6.533752
0.314965 6.552539
0.315840 6.571325
0.316716 6.590103
0.317591 6.608868
0.318466 6.627612
0.319342 6.646330
0.320217 6.665015
0.321092 6.683661
0.321967 6.702263
0.322843 6.720813
0.323718 6.739307
0.324593 6.757739
0.325468 6.776102
0.326344 6.794390
0.327219 6.812599
0.328094 6.830723
0.328970 6.848755
0.329845 6.866691
0.330720 6.884525
0.331595 6.902252
0.332471 6.919866
0.333346 6.937363
0.334221 6.954736
0.335097 6.971981

0.335097 6.971981
0.337722 7.022899
0.340348 7.072486
0.342974 7.120616
0.345600 7.167167
0.348226 7.212023
0.350852 7.255072
0.353478 7.296209
0.356104 7.335332
0.358729 7.372345
0.361355 7.407158
0.363981 7.439685
0.366607 7.469845
0.369233 7.497561
0.371859 7.522762
0.374484 7.545380
0.377110 7.565352
0.379736 7.582621
0.382362 7.597132
0.384988 7.608836
0.387614 7.617686
0.390240 7.623641
0.392865 7.626663
0.395491 7.626718
0.398117 7.623777
0.400743 7.617812
0.403369 7.608800
0.405995 7.596722
0.408621 7.581562
0.411247 7.563307
0.413872 7.541947
0.416498 7.517477
0.419124 7.489892
0.421750 7.459192
0.424376 7.425379
0.427002 7.388459
0.429627 7.348441
0.432253 7.305333
0.434879 7.259150
0.437505 7.209906
0.440131 7.157621
0.442757 7.102313
0.445383 7.044007
0.448008 6.982725
0.450634 6.918495
0.453260 6.851346
0.455886 6.781308
0.458512 6.708413
0.461138 6.632695
0.463764 6.554190
0.466390 6.472936
0.469015 6.388971
0.471641 6.302336
0.474267 6.213072
0.476893 6.121222
0.479519 6.026831
0.482145 5.929943
0.484770 5.830606
0.487396 5.728867
0.490022 5.624774
0.492648 5.518376
0.495274 5.409725
0.497900 5.298870
0.500526 5.185864
0.503151 5.070759
0.505777 4.953608
0.508403 4.834465
0.511029 4.713384
0.513655 4.590419
0.516281 4.465626
0.518907 4.339059
0.521532 4.210776
0.524158 4.080831
0.526784 3.949282
0.529410 3.816185
0.532036 3.681596
0.534662 3.545573
0.537288 3.408172
0.539914 3.269452
0.542539 3.129469
0.545165 2.988281
0.547791 2.845946
0.550417 2.702520
0.553043 2.558062
0.555669 2.412628
0.558295 2.266278
0.560920 2.119067
0.563546 1.971054
0.566172 1.822297
0.568798 1.672852
0.571424 1.522777
0.574050 1.372130
0.576676 1.220967
0.579301 1.069347
0.581927 0.917327
0.584553 0.764963
0.587179 0.612313
0.589805 0.459435
0.592431 0.306385
0.595056 0.153221
0.597682 -0.000000

0.597682 -0.000000
0.599826 0.129675
0.601970 0.259329
0.604114 0.388937
0.606258 0.518479
0.608402 0.647931
0.610546 0.777271
0.612690 0.906477
0.614834 1.035526
0.616978 1.164395
0.619122 1.293062
0.621266 1.421502
0.623410 1.549694
0.625554 1.677613
0.627698 1.805237
0.629842 1.932540
0.631986 2.059500
0.634130 2.186092
0.636274 2.312291
0.638418 2.438074
0.640562 2.563414
0.642706 2.688287
0.644850 2.812667
0.646994 2.936529
0.649138 3.059846
0.651282 3.182592
0.653426 3.304741
0.655570 3.426265
0.657714 3.547139
0.659858 3.667333
0.662002 3.786820
0.664146 3.905573
0.666290 4.023564
0.668434 4.140762
0.670578 4.257141
0.672722 4.372670
0.674866 4.487321
0.677010 4.601064
0.679154 4.713869
0.681298 4.825706
0.683442 4.936546
0.685586 5.046357
0.687730 5.155110
0.689874 5.262773
0.692018 5.369316
0.694163 5.474708
0.696307 5.578919
0.698450 5.681916
0.700595 5.783669
0.702739 5.884146
0.704882 5.983317
0.707027 6.081151
0.709171 6.177615
0.711314 6.272680
0.713458 6.366314
0.715603 6.458486
0.717746 6.549165
0.719890 6.638321
0.722035 6.725924
0.724178 6.811943
0.726322 6.896349
0.728467 6.979111
0.730611 7.060200
0.732754 7.139587
0.734899 7.217243
0.737043 7.293141
0.739186 7.367251
0.741331 7.439547
0.743475 7.510001
0.745618 7.578587
0.747762 7.645278
0.749907 7.710049
0.752050 7.772875
0.754194 7.833732
0.756339 7.892595
0.758482 7.949442
0.760626 8.004249
0.762771 8.056996
0.764915 8.107660
0.767058 8.156222
0.769203 8.202662
0.771347 8.246960
0.773491 8.289099
0.775635 8.329062
0.777779 8.366831
0.779923 8.402391
0.782067 8.435728
0.784211 8.466827
0.786355 8.495676
0.788499 8.522261
0.790643 8.546573
0.792787 8.568601
0.794931 8.588336
0.797075 8.605768
0.799219 8.620891
0.801363 8.633699
0.803507 8.644185
0.805651 8.652346
0.807795 8.658177
0.809939 8.661677
0.812083 8.662844


0.000000 -0.000000
0.002476 0.127340
0.004951 0.254657
0.007427 0.381927
0.009903 0.509127
0.012378 0.636232
0.014854 0.763220
0.017330 0.890068
0.019805 1.016750
0.022281 1.143244
0.024757 1.269525
0.027232 1.395570
0.029708 1.521354
0.032184 1.646854
0.034660 1.772044
0.037135 1.896901
0.039611 2.021399
0.042087 2.145514
0.044562 2.269220
0.047038 2.392493
0.049514 2.515307
0.051989 2.637637
0.054465 2.759456
0.056941 2.880739
0.059416 3.001460
0.061892 3.121592
0.064368 3.241109
0.066843 3.359984
0.069319 3.478189
0.071795 3.595698
0.074270 3.712484
0.076746 3.828519
0.079222 3.943775
0.081698 4.058224
0.084173 4.171838
0.086649 4.284588
0.089124 4.396447
0.091600 4.507386
0.094076 4.617377
0.096552 4.726389
0.099027 4.834394
0.101503 4.941364
0.103979 5.047269
0.106454 5.152079
0.108930 5.255766
0.111406 5.358300
0.113881 5.459652
0.116357 5.559792
0.118833 5.658691
0.121308 5.756320
0.123784 5.852648
0.126260 5.947648
0.128735 6.041289
0.131211 6.133543
0.133687 6.224381
0.136162 6.313773
0.138638 6.401691
0.141114 6.488107
0.143590 6.572993
0.146065 6.656320
0.148541 6.738060
0.151017 6.818186
0.153492 6.896671
0.155968 6.973488
0.158444 7.048611
0.160919 7.122013
0.163395 7.193668
0.165871 7.263551
0.168346 7.331637
0.170822 7.397902
0.173298 7.462322
0.175773 7.524873
0.178249 7.585532
0.180725 7.644277
0.183200 7.701086
0.185676 7.755938
0.188152 7.808812
0.190628 7.859689
0.193103 7.908548
0.195579 7.955372
0.198054 8.000142
0.200530 8.042841
0.203006 8.083453
0.205482 8.121961
0.207957 8.158351
0.210433 8.192609
0.212909 8.224720
0.215384 8.254673
0.217860 8.282455
0.220336 8.308056
0.222811 8.331465
0.225287 8.352673
0.227763 8.371672
0.230238 8.388453
0.232714 8.403011
0.235190 8.415339
0.237665 8.425432
0.240141 8.433286
0.242617 8.438899
0.245092 8.442268
0.247568 8.443391

0.247568 8.443391
0.248443 8.443337
0.249319 8.443175
0.250194 8.442906
0.251069 8.442529
0.251945 8.442044
0.252820 8.441451
0.253695 8.440750
0.254570 8.439942
0.255446 8.439025
0.256321 8.438000
0.257196 8.436867
0.258072 8.435626
0.258947 8.434276
0.259822 8.432818
0.260697 8.431251
0.261573 8.429575
0.262448 8.427790
0.263323 8.425896
0.264199 8.423893
0.265074 8.421780
0.265949 8.419557
0.266824 8.417224
0.267700 8.414782
0.268575 8.412229
0.269450 8.409565
0.270325 8.406791
0.271201 8.403905
0.272076 8.400909
0.272951 8.397800
0.273827 8.394580
0.274702 8.391248
0.275577 8.387804
0.276452 8.384246
0.277328 8.380576
0.278203 8.376793
0.279078 8.372895
0.279954 8.368884
0.280829 8.364759
0.281704 8.360519
0.282579 8.356165
0.283455 8.351694
0.284330 8.347109
0.285205 8.342407
0.286081 8.337589
0.286956 8.332655
0.287831 8.327603
0.288706 8.322434
0.289582 8.317147
0.290457 8.311741
0.291332 8.306218
0.292208 8.300575
0.293083 8.294812
0.293958 8.288930
0.294834 8.282928
0.295709 8.276805
0.296584 8.270560
0.297459 8.264195
0.298335 8.257707
0.299210 8.251097
0.300085 8.244365
0.300961 8.237509
0.301836 8.230530
0.302711 8.223426
0.303586 8.216198
0.304462 8.208845
0.305337 8.201367
0.306212 8.193763
0.307088 8.186033
0.307963 8.178176
0.308838 8.170192
0.309713 8.162081
0.310589 8.153842
0.311464 8.145474
0.312339 8.136977
0.313215 8.128352
0.314090 8.119596
0.314965 8.110711
0.315840 8.101695
0.316716 8.092548
0.317591 8.083270
0.318466 8.073860
0.319342 8.064318
0.320217 8.054643
0.321092 8.044835
0.321967 8.034894
0.322843 8.024819
0.323718 8.014610
0.324593 8.004267
0.325468 7.993788
0.326344 7.983174
0.327219 7.972425
0.328094 7.961539
0.328970 7.950517
0.329845 7.939359
0.330720 7.928063
0.331595 7.916630
0.332471 7.905059
0.333346 7.893350
0.334221 7.881502
0.335097 7.869516

0.335097 7.869516
0.337722 7.832722
0.340348 7.794669
0.342974 7.755350
0.345600 7.714758
0.348226 7.672888
0.350852 7.629736
0.353478 7.585297
0.356104 7.539569
0.358729 7.492550
0.361355 7.444238
0.363981 7.394633
0.366607 7.343737
0.369233 7.291552
0.371859 7.238081
0.374484 7.183329
0.377110 7.127300
0.379736 7.070001
0.382362 7.011441
0.384988 6.951627
0.387614 6.890571
0.390240 6.828283
0.392865 6.764776
0.395491 6.700063
0.398117 6.634158
0.400743 6.567079
0.403369 6.498841
0.405995 6.429462
0.408621 6.358962
0.411247 6.287361
0.413872 6.214680
0.416498 6.140940
0.419124 6.066166
0.421750 5.990380
0.424376 5.913608
0.427002 5.835876
0.429627 5.757209
0.432253 5.677635
0.434879 5.597183
0.437505 5.515880
0.440131 5.433755
0.442757 5.350839
0.445383 5.267160
0.448008 5.182751
0.450634 5.097642
0.453260 5.011863
0.455886 4.925447
0.458512 4.838425
0.461138 4.750828
0.463764 4.662689
0.466390 4.574039
0.469015 4.484909
0.471641 4.395331
0.474267 4.305336
0.476893 4.214956
0.479519 4.124220
0.482145 4.033159
0.484770 3.941803
0.487396 3.850179
0.490022 3.758318
0.492648 3.666246
0.495274 3.573990
0.497900 3.481578
0.500526 3.389033
0.503151 3.296381
0.505777 3.203645
0.508403 3.110847
0.511029 3.018009
0.513655 2.925151
0.516281 2.832292
0.518907 2.739450
0.521532 2.646642
0.524158 2.553884
0.526784 2.461189
0.529410 2.368570
0.532036 2.276040
0.534662 2.183609
0.537288 2.091284
0.539914 1.999076
0.542539 1.906988
0.545165 1.815028
0.547791 1.723198
0.550417 1.631501
0.553043 1.539939
0.555669 1.448511
0.558295 1.357216
0.560920 1.266053
0.563546 1.175017
0.566172 1.084105
0.568798 0.993310
0.571424 0.902627
0.574050 0.812048
0.576676 0.721566
0.579301 0.631171
0.581927 0.540854
0.584553 0.450606
0.587179 0.360414
0.589805 0.270270
0.592431 0.180160
0.595056 0.090074
0.597682 -0.000000

0.597682 -0.000000
0.599826 0.055511
0.601970 0.111020
0.604114 0.166526
0.606258 0.222027
0.608402 0.277519
0.610546 0.333003
0.612690 0.388475
0.614834 0.443933
0.616978 0.499374
0.619122 0.554796
0.621266 0.610195
0.623410 0.665568
0.625554 0.720912
0.627698 0.776221
0.629842 0.831493
0.631986 0.886722
0.634130 0.941903
0.636274 0.997031
0.638418 1.052098
0.640562 1.107100
0.642706 1.162029
0.644850 1.216878
0.646994 1.271639
0.649138 1.326302
0.651282 1.380861
0.653426 1.435305
0.655570 1.489624
0.657714 1.543807
0.659858 1.597845
0.662002 1.651725
0.664146 1.705436
0.666290 1.758964
0.668434 1.812297
0.670578 1.865422
0.672722 1.918325
0.674866 1.970990
0.677010 2.023403
0.679154 2.075549
0.681298 2.127411
0.683442 2.178973
0.685586 2.230220
0.687730 2.281132
0.689874 2.331693
0.692018 2.381886
0.694163 2.431691
0.696307 2.481090
0.698450 2.530064
0.700595 2.578594
0.702739 2.626660
0.704882 2.674244
0.707027 2.721324
0.709171 2.767881
0.711314 2.813895
0.713458 2.859345
0.715603 2.904211
0.717746 2.948471
0.719890 2.992106
0.722035 3.035095
0.724178 3.077417
0.726322 3.119051
0.728467 3.159977
0.730611 3.200175
0.732754 3.239623
0.734899 3.278302
0.737043 3.316191
0.739186 3.353271
0.741331 3.389521
0.743475 3.424923
0.745618 3.459457
0.747762 3.493104
0.749907 3.525846
0.752050 3.557663
0.754194 3.588540
0.756339 3.618457
0.758482 3.647398
0.760626 3.675346
0.762771 3.702285
0.764915 3.728200
0.767058 3.753075
0.769203 3.776895
0.771347 3.799646
0.773491 3.821316
0.775635 3.841890
0.777779 3.861357
0.779923 3.879704
0.782067 3.896921
0.784211 3.912997
0.786355 3.927923
0.788499 3.941688
0.790643 3.954285
0.792787 3.965706
0.794931 3.975945
0.797075 3.984993
0.799219 3.992847
0.801363 3.999500
0.803507 4.004950
0.805651 4.009192
0.807795 4.012224
0.809939 4.014043
0.812083 4.014650


