27   
1    

1    
  0.1000000000000000   0.0000000000000000   0.0000000000000000
  -0.3826130146   -0.0000000000   -0.0000000000
   0.1387309854    0.0000000000    0.0000000000
   0.0790032854    0.0000000000    0.0000000000
   0.0246144854    0.0525313000    0.0005071310
  -0.0054985446   -0.0001262230   -0.0000024789
   0.0221659854   -0.0420235000   -0.0002376140
   0.0221659854    0.0420235000    0.0002376140
   0.0246144854   -0.0525313000   -0.0005071310
  -0.0054985446    0.0001262230    0.0000024789
   0.0246144854    0.0179886000    0.0493580000
  -0.0054985446   -0.0000444114   -0.0001181780
   0.0221659854   -0.0142318000   -0.0395409000
  -0.0010187646   -0.0026146400   -0.0018488300
  -0.0009987376    0.0025932500    0.0018337000
   0.0028324454    0.0002546410    0.0001800590
  -0.0041933846    0.0013478400   -0.0019061400
   0.0020001754    0.0002549870   -0.0003606060
   0.0012537854   -0.0010503700    0.0014854500
   0.0221659854    0.0142318000    0.0395409000
   0.0246144854   -0.0179886000   -0.0493580000
  -0.0054985446    0.0000444114    0.0001181780
  -0.0041933846   -0.0013478400    0.0019061400
   0.0020001754   -0.0002549870    0.0003606060
   0.0012537854    0.0010503700   -0.0014854500
  -0.0009987376   -0.0025932500   -0.0018337000
   0.0028324454   -0.0002546410   -0.0001800590
  -0.0010187646    0.0026146400    0.0018488300
