# End points of segments: 
#   0.00000000 0.12974590 0.22645280 0.34877840 0.47852430 0.60827020 0.70497700 0.82730260 
0.000000 0.000220
0.001298 0.022047
0.002595 0.044089
0.003892 0.066125
0.005190 0.088151
0.006487 0.110164
0.007785 0.132160
0.009082 0.154136
0.010380 0.176089
0.011677 0.198016
0.012975 0.219913
0.014272 0.241777
0.015570 0.263606
0.016867 0.285394
0.018164 0.307140
0.019462 0.328840
0.020759 0.350491
0.022057 0.372090
0.023354 0.393634
0.024652 0.415119
0.025949 0.436543
0.027247 0.457902
0.028544 0.479193
0.029842 0.500414
0.031139 0.521561
0.032437 0.542631
0.033734 0.563622
0.035031 0.584530
0.036329 0.605353
0.037626 0.626088
0.038924 0.646731
0.040221 0.667281
0.041519 0.687734
0.042816 0.708088
0.044114 0.728340
0.045411 0.748487
0.046709 0.768528
0.048006 0.788458
0.049303 0.808276
0.050601 0.827980
0.051898 0.847566
0.053196 0.867033
0.054493 0.886378
0.055791 0.905599
0.057088 0.924693
0.058386 0.943659
0.059683 0.962494
0.060981 0.981196
0.062278 0.999764
0.063575 1.018194
0.064873 1.036486
0.066170 1.054636
0.067468 1.072644
0.068765 1.090508
0.070063 1.108226
0.071360 1.125795
0.072658 1.143215
0.073955 1.160484
0.075253 1.177600
0.076550 1.194562
0.077848 1.211369
0.079145 1.228018
0.080443 1.244509
0.081740 1.260841
0.083037 1.277011
0.084335 1.293020
0.085632 1.308866
0.086930 1.324547
0.088227 1.340064
0.089525 1.355415
0.090822 1.370598
0.092120 1.385614
0.093417 1.400462
0.094714 1.415140
0.096012 1.429648
0.097309 1.443986
0.098607 1.458153
0.099904 1.472149
0.101202 1.485972
0.102499 1.499624
0.103797 1.513103
0.105094 1.526409
0.106392 1.539541
0.107689 1.552501
0.108987 1.565287
0.110284 1.577900
0.111582 1.590340
0.112879 1.602606
0.114176 1.614699
0.115474 1.626619
0.116771 1.638367
0.118069 1.649941
0.119366 1.661344
0.120664 1.672574
0.121961 1.683633
0.123259 1.694522
0.124556 1.705239
0.125854 1.715787
0.127151 1.726165
0.128448 1.736375
0.129746 1.746416

0.129746 1.746416
0.130713 1.742652
0.131680 1.737976
0.132647 1.732366
0.133614 1.725806
0.134581 1.718292
0.135548 1.709825
0.136515 1.700415
0.137482 1.690077
0.138450 1.678830
0.139417 1.666692
0.140384 1.653685
0.141351 1.639829
0.142318 1.625144
0.143285 1.609645
0.144252 1.593347
0.145219 1.576262
0.146186 1.558398
0.147153 1.539761
0.148120 1.520355
0.149087 1.500180
0.150054 1.479233
0.151021 1.457509
0.151988 1.434999
0.152955 1.411691
0.153923 1.387571
0.154890 1.362621
0.155857 1.336819
0.156824 1.310138
0.157791 1.282549
0.158758 1.254016
0.159725 1.224497
0.160692 1.193944
0.161659 1.162300
0.162626 1.129499
0.163593 1.095463
0.164560 1.060100
0.165527 1.023300
0.166494 0.984930
0.167462 0.944828
0.168429 0.902794
0.169396 0.858576
0.170363 0.811852
0.171330 0.762197
0.172297 0.709032
0.173264 0.651543
0.174231 0.588508
0.175198 0.517958
0.176165 0.436326
0.177132 0.335699
0.178099 0.187816
0.179066 -0.204509
0.180034 -0.344310
0.181001 -0.441417
0.181968 -0.520259
0.182935 -0.588183
0.183902 -0.648589
0.184869 -0.703380
0.185836 -0.753747
0.186803 -0.800494
0.187770 -0.844194
0.188737 -0.885270
0.189704 -0.924045
0.190671 -0.960773
0.191638 -0.995657
0.192605 -1.028862
0.193572 -1.060523
0.194540 -1.090755
0.195507 -1.119652
0.196474 -1.147297
0.197441 -1.173760
0.198408 -1.199101
0.199375 -1.223374
0.200342 -1.246624
0.201309 -1.268893
0.202276 -1.290215
0.203243 -1.310623
0.204210 -1.330146
0.205177 -1.348808
0.206144 -1.366633
0.207111 -1.383640
0.208078 -1.399849
0.209045 -1.415275
0.210013 -1.429934
0.210980 -1.443838
0.211947 -1.457001
0.212914 -1.469434
0.213881 -1.481145
0.214848 -1.492146
0.215815 -1.502443
0.216782 -1.512044
0.217749 -1.520957
0.218716 -1.529186
0.219683 -1.536739
0.220650 -1.543619
0.221617 -1.549831
0.222584 -1.555379
0.223552 -1.560267
0.224519 -1.564497
0.225486 -1.568072
0.226453 -1.570996

0.226453 -1.570996
0.227676 -1.560519
0.228899 -1.549872
0.230123 -1.539056
0.231346 -1.528073
0.232569 -1.516925
0.233792 -1.505614
0.235016 -1.494142
0.236239 -1.482511
0.237462 -1.470723
0.238685 -1.458781
0.239909 -1.446685
0.241132 -1.434439
0.242355 -1.422044
0.243578 -1.409502
0.244802 -1.396817
0.246025 -1.383988
0.247248 -1.371020
0.248471 -1.357913
0.249695 -1.344670
0.250918 -1.331294
0.252141 -1.317786
0.253364 -1.304148
0.254588 -1.290382
0.255811 -1.276491
0.257034 -1.262477
0.258257 -1.248342
0.259481 -1.234088
0.260704 -1.219717
0.261927 -1.205231
0.263151 -1.190632
0.264374 -1.175923
0.265597 -1.161105
0.266820 -1.146181
0.268043 -1.131153
0.269267 -1.116022
0.270490 -1.100792
0.271713 -1.085463
0.272937 -1.070038
0.274160 -1.054518
0.275383 -1.038907
0.276606 -1.023206
0.277830 -1.007417
0.279053 -0.991541
0.280276 -0.975582
0.281499 -0.959540
0.282723 -0.943418
0.283946 -0.927217
0.285169 -0.910940
0.286392 -0.894589
0.287616 -0.878164
0.288839 -0.861669
0.290062 -0.845105
0.291285 -0.828473
0.292509 -0.811776
0.293732 -0.795015
0.294955 -0.778193
0.296178 -0.761310
0.297402 -0.744368
0.298625 -0.727370
0.299848 -0.710317
0.301071 -0.693210
0.302295 -0.676051
0.303518 -0.658842
0.304741 -0.641584
0.305964 -0.624280
0.307188 -0.606930
0.308411 -0.589535
0.309634 -0.572099
0.310857 -0.554621
0.312081 -0.537105
0.313304 -0.519550
0.314527 -0.501958
0.315750 -0.484332
0.316974 -0.466672
0.318197 -0.448980
0.319420 -0.431256
0.320644 -0.413504
0.321867 -0.395723
0.323090 -0.377915
0.324313 -0.360082
0.325537 -0.342225
0.326760 -0.324344
0.327983 -0.306443
0.329206 -0.288520
0.330429 -0.270579
0.331653 -0.252620
0.332876 -0.234645
0.334099 -0.216654
0.335323 -0.198648
0.336546 -0.180630
0.337769 -0.162601
0.338992 -0.144560
0.340216 -0.126511
0.341439 -0.108453
0.342662 -0.090388
0.343885 -0.072317
0.345109 -0.054242
0.346332 -0.036163
0.347555 -0.018081
0.348778 0.000220

0.348778 0.000220
0.350076 0.022047
0.351373 0.044089
0.352671 0.066125
0.353968 0.088151
0.355266 0.110164
0.356563 0.132160
0.357861 0.154136
0.359158 0.176089
0.360455 0.198016
0.361753 0.219913
0.363050 0.241777
0.364348 0.263606
0.365645 0.285394
0.366943 0.307140
0.368240 0.328840
0.369538 0.350491
0.370835 0.372090
0.372133 0.393634
0.373430 0.415119
0.374728 0.436543
0.376025 0.457902
0.377323 0.479193
0.378620 0.500414
0.379917 0.521561
0.381215 0.542631
0.382512 0.563622
0.383810 0.584530
0.385107 0.605353
0.386405 0.626088
0.387702 0.646731
0.389000 0.667281
0.390297 0.687734
0.391595 0.708088
0.392892 0.728340
0.394189 0.748487
0.395487 0.768528
0.396784 0.788458
0.398082 0.808276
0.399379 0.827980
0.400677 0.847566
0.401974 0.867033
0.403272 0.886378
0.404569 0.905599
0.405867 0.924693
0.407164 0.943659
0.408461 0.962494
0.409759 0.981196
0.411056 0.999764
0.412354 1.018194
0.413651 1.036486
0.414949 1.054636
0.416246 1.072644
0.417544 1.090508
0.418841 1.108226
0.420139 1.125795
0.421436 1.143215
0.422733 1.160484
0.424031 1.177600
0.425328 1.194562
0.426626 1.211369
0.427923 1.228018
0.429221 1.244509
0.430518 1.260841
0.431816 1.277011
0.433113 1.293020
0.434411 1.308866
0.435708 1.324547
0.437006 1.340064
0.438303 1.355415
0.439601 1.370598
0.440898 1.385614
0.442195 1.400462
0.443493 1.415140
0.444790 1.429648
0.446088 1.443986
0.447385 1.458153
0.448683 1.472149
0.449980 1.485972
0.451278 1.499624
0.452575 1.513103
0.453873 1.526409
0.455170 1.539541
0.456468 1.552501
0.457765 1.565287
0.459062 1.577900
0.460360 1.590340
0.461657 1.602606
0.462955 1.614699
0.464252 1.626619
0.465550 1.638367
0.466847 1.649941
0.468145 1.661344
0.469442 1.672574
0.470739 1.683633
0.472037 1.694522
0.473334 1.705239
0.474632 1.715787
0.475929 1.726165
0.477227 1.736375
0.478524 1.746416

0.478524 1.746416
0.479822 1.745450
0.481119 1.742570
0.482417 1.737834
0.483714 1.731326
0.485012 1.723149
0.486309 1.713410
0.487606 1.702215
0.488904 1.689661
0.490201 1.675830
0.491499 1.660796
0.492796 1.644615
0.494094 1.627336
0.495391 1.608992
0.496689 1.589610
0.497986 1.569207
0.499284 1.547792
0.500581 1.525367
0.501879 1.501930
0.503176 1.477468
0.504473 1.451968
0.505771 1.425406
0.507068 1.397755
0.508366 1.368980
0.509663 1.339039
0.510961 1.307884
0.512258 1.275455
0.513556 1.241683
0.514853 1.206486
0.516151 1.169766
0.517448 1.131408
0.518745 1.091270
0.520043 1.049183
0.521340 1.004938
0.522638 0.958272
0.523935 0.908851
0.525233 0.856241
0.526530 0.799855
0.527828 0.738878
0.529125 0.672115
0.530423 0.597688
0.531720 0.512337
0.533018 0.409373
0.534315 0.269429
0.535613 -0.149740
0.536910 -0.342614
0.538207 -0.460677
0.539505 -0.553957
0.540802 -0.633441
0.542100 -0.703768
0.543397 -0.767414
0.544695 -0.825881
0.545992 -0.880163
0.547290 -0.930954
0.548587 -0.978761
0.549884 -1.023970
0.551182 -1.066878
0.552479 -1.107722
0.553777 -1.146692
0.555074 -1.183946
0.556372 -1.219613
0.557669 -1.253803
0.558967 -1.286608
0.560264 -1.318108
0.561562 -1.348370
0.562859 -1.377453
0.564157 -1.405408
0.565454 -1.432282
0.566751 -1.458113
0.568049 -1.482936
0.569346 -1.506782
0.570644 -1.529679
0.571941 -1.551652
0.573239 -1.572722
0.574536 -1.592909
0.575834 -1.612231
0.577131 -1.630703
0.578429 -1.648341
0.579726 -1.665156
0.581024 -1.681162
0.582321 -1.696367
0.583618 -1.710782
0.584916 -1.724415
0.586213 -1.737275
0.587511 -1.749368
0.588808 -1.760700
0.590106 -1.771278
0.591403 -1.781106
0.592701 -1.790189
0.593998 -1.798532
0.595296 -1.806137
0.596593 -1.813009
0.597890 -1.819150
0.599188 -1.824563
0.600485 -1.829250
0.601783 -1.833213
0.603080 -1.836453
0.604378 -1.838972
0.605675 -1.840770
0.606973 -1.841849
0.608270 -1.842209

0.608270 -1.842209
0.609237 -1.842134
0.610204 -1.841908
0.611171 -1.841532
0.612138 -1.841005
0.613105 -1.840328
0.614073 -1.839500
0.615040 -1.838522
0.616007 -1.837392
0.616974 -1.836111
0.617941 -1.834678
0.618908 -1.833094
0.619875 -1.831358
0.620842 -1.829469
0.621809 -1.827428
0.622776 -1.825234
0.623743 -1.822886
0.624710 -1.820384
0.625677 -1.817728
0.626645 -1.814917
0.627611 -1.811951
0.628579 -1.808829
0.629546 -1.805550
0.630513 -1.802114
0.631480 -1.798521
0.632447 -1.794769
0.633414 -1.790857
0.634381 -1.786786
0.635348 -1.782554
0.636315 -1.778161
0.637282 -1.773605
0.638249 -1.768886
0.639216 -1.764002
0.640183 -1.758953
0.641150 -1.753739
0.642118 -1.748356
0.643085 -1.742806
0.644052 -1.737086
0.645019 -1.731196
0.645986 -1.725134
0.646953 -1.718899
0.647920 -1.712490
0.648887 -1.705906
0.649854 -1.699145
0.650821 -1.692207
0.651788 -1.685089
0.652755 -1.677791
0.653722 -1.670311
0.654690 -1.662648
0.655656 -1.654800
0.656624 -1.646767
0.657591 -1.638547
0.658558 -1.630138
0.659525 -1.621540
0.660492 -1.612750
0.661459 -1.603769
0.662426 -1.594596
0.663393 -1.585228
0.664360 -1.575665
0.665327 -1.565907
0.666294 -1.555953
0.667261 -1.545803
0.668228 -1.535457
0.669196 -1.524914
0.670163 -1.514176
0.671130 -1.503242
0.672097 -1.492116
0.673064 -1.480798
0.674031 -1.469290
0.674998 -1.457597
0.675965 -1.445722
0.676932 -1.433670
0.677899 -1.421447
0.678866 -1.409061
0.679833 -1.396520
0.680800 -1.383834
0.681767 -1.371017
0.682735 -1.358084
0.683701 -1.345051
0.684669 -1.331940
0.685636 -1.318775
0.686603 -1.305584
0.687570 -1.292401
0.688537 -1.279264
0.689504 -1.266218
0.690471 -1.253316
0.691438 -1.240616
0.692405 -1.228188
0.693372 -1.216110
0.694339 -1.204470
0.695306 -1.193367
0.696273 -1.182910
0.697241 -1.173219
0.698208 -1.164421
0.699175 -1.156650
0.700142 -1.150040
0.701109 -1.144725
0.702076 -1.140828
0.703043 -1.138454
0.704010 -1.137686
0.704977 -1.138576

0.704977 -1.138576
0.706200 -1.131412
0.707424 -1.123739
0.708647 -1.115547
0.709870 -1.106823
0.711093 -1.097554
0.712317 -1.087727
0.713540 -1.077325
0.714763 -1.066333
0.715986 -1.054733
0.717210 -1.042506
0.718433 -1.029629
0.719656 -1.016081
0.720879 -1.001836
0.722103 -0.986866
0.723326 -0.971141
0.724549 -0.954627
0.725772 -0.937286
0.726996 -0.919076
0.728219 -0.899949
0.729442 -0.879851
0.730665 -0.858720
0.731889 -0.836485
0.733112 -0.813064
0.734335 -0.788359
0.735558 -0.762255
0.736782 -0.734614
0.738005 -0.705267
0.739228 -0.674004
0.740452 -0.640558
0.741675 -0.604583
0.742898 -0.565615
0.744121 -0.523006
0.745344 -0.475801
0.746568 -0.422488
0.747791 -0.360400
0.749014 -0.283877
0.750238 -0.174974
0.751461 0.141412
0.752684 0.266885
0.753907 0.350782
0.755131 0.418845
0.756354 0.477859
0.757577 0.530823
0.758800 0.579374
0.760024 0.624519
0.761247 0.666927
0.762470 0.707070
0.763693 0.745294
0.764917 0.781860
0.766140 0.816973
0.767363 0.850795
0.768586 0.883456
0.769810 0.915064
0.771033 0.945708
0.772256 0.975464
0.773479 1.004395
0.774703 1.032556
0.775926 1.059994
0.777149 1.086750
0.778372 1.112860
0.779596 1.138356
0.780819 1.163266
0.782042 1.187614
0.783265 1.211424
0.784489 1.234714
0.785712 1.257503
0.786935 1.279807
0.788158 1.301641
0.789382 1.323018
0.790605 1.343949
0.791828 1.364446
0.793052 1.384519
0.794275 1.404175
0.795498 1.423422
0.796721 1.442267
0.797944 1.460716
0.799168 1.478772
0.800391 1.496437
0.801614 1.513715
0.802837 1.530603
0.804061 1.547101
0.805284 1.563204
0.806507 1.578905
0.807731 1.594194
0.808954 1.609057
0.810177 1.623476
0.811400 1.637426
0.812624 1.650878
0.813847 1.663791
0.815070 1.676117
0.816293 1.687795
0.817517 1.698748
0.818740 1.708886
0.819963 1.718099
0.821186 1.726261
0.822410 1.733232
0.823633 1.738864
0.824856 1.743013
0.826079 1.745558
0.827303 1.746416


0.000000 0.000220
0.001298 0.026254
0.002595 0.052501
0.003892 0.078740
0.005190 0.104966
0.006487 0.131173
0.007785 0.157359
0.009082 0.183517
0.010380 0.209643
0.011677 0.235734
0.012975 0.261784
0.014272 0.287790
0.015570 0.313746
0.016867 0.339649
0.018164 0.365493
0.019462 0.391275
0.020759 0.416990
0.022057 0.442634
0.023354 0.468203
0.024652 0.493692
0.025949 0.519096
0.027247 0.544412
0.028544 0.569636
0.029842 0.594763
0.031139 0.619789
0.032437 0.644710
0.033734 0.669522
0.035031 0.694221
0.036329 0.718802
0.037626 0.743262
0.038924 0.767597
0.040221 0.791803
0.041519 0.815876
0.042816 0.839812
0.044114 0.863607
0.045411 0.887257
0.046709 0.910760
0.048006 0.934111
0.049303 0.957306
0.050601 0.980342
0.051898 1.003216
0.053196 1.025923
0.054493 1.048461
0.055791 1.070827
0.057088 1.093016
0.058386 1.115025
0.059683 1.136852
0.060981 1.158494
0.062278 1.179946
0.063575 1.201206
0.064873 1.222272
0.066170 1.243139
0.067468 1.263806
0.068765 1.284270
0.070063 1.304527
0.071360 1.324576
0.072658 1.344413
0.073955 1.364036
0.075253 1.383442
0.076550 1.402630
0.077848 1.421596
0.079145 1.440340
0.080443 1.458857
0.081740 1.477147
0.083037 1.495207
0.084335 1.513036
0.085632 1.530630
0.086930 1.547990
0.088227 1.565112
0.089525 1.581996
0.090822 1.598639
0.092120 1.615040
0.093417 1.631199
0.094714 1.647112
0.096012 1.662780
0.097309 1.678200
0.098607 1.693373
0.099904 1.708296
0.101202 1.722969
0.102499 1.737391
0.103797 1.751562
0.105094 1.765480
0.106392 1.779145
0.107689 1.792557
0.108987 1.805715
0.110284 1.818619
0.111582 1.831268
0.112879 1.843663
0.114176 1.854122
0.115474 1.846027
0.116771 1.837776
0.118069 1.829367
0.119366 1.820799
0.120664 1.812071
0.121961 1.803182
0.123259 1.794132
0.124556 1.784918
0.125854 1.775541
0.127151 1.765998
0.128448 1.756291
0.129746 1.746416

0.129746 1.746416
0.130713 1.749302
0.131680 1.751349
0.132647 1.752602
0.133614 1.753109
0.134581 1.752920
0.135548 1.752088
0.136515 1.750659
0.137482 1.748680
0.138450 1.746195
0.139417 1.743244
0.140384 1.739862
0.141351 1.736083
0.142318 1.731934
0.143285 1.727442
0.144252 1.722630
0.145219 1.717517
0.146186 1.712122
0.147153 1.706461
0.148120 1.700547
0.149087 1.694392
0.150054 1.688008
0.151021 1.681403
0.151988 1.674587
0.152955 1.667566
0.153923 1.660348
0.154890 1.652939
0.155857 1.645343
0.156824 1.637566
0.157791 1.629611
0.158758 1.621483
0.159725 1.613185
0.160692 1.604719
0.161659 1.596090
0.162626 1.587298
0.163593 1.578347
0.164560 1.569238
0.165527 1.559974
0.166494 1.550555
0.167462 1.540983
0.168429 1.531260
0.169396 1.521386
0.170363 1.511363
0.171330 1.501191
0.172297 1.490872
0.173264 1.480405
0.174231 1.469792
0.175198 1.459033
0.176165 1.448129
0.177132 1.437079
0.178099 1.425883
0.179066 1.414542
0.180034 1.403057
0.181001 1.391425
0.181968 1.379649
0.182935 1.367726
0.183902 1.355658
0.184869 1.343443
0.185836 1.331080
0.186803 1.318570
0.187770 1.305912
0.188737 1.293103
0.189704 1.280145
0.190671 1.267035
0.191638 1.253772
0.192605 1.240355
0.193572 1.226783
0.194540 1.213053
0.195507 1.199165
0.196474 1.185116
0.197441 1.170903
0.198408 1.156526
0.199375 1.141981
0.200342 1.127266
0.201309 1.112378
0.202276 1.097313
0.203243 1.082069
0.204210 1.066641
0.205177 1.051026
0.206144 1.035219
0.207111 1.019215
0.208078 1.003010
0.209045 0.986597
0.210013 0.969971
0.210980 0.953124
0.211947 0.936050
0.212914 0.918740
0.213881 0.901185
0.214848 0.883376
0.215815 0.865301
0.216782 0.846948
0.217749 0.828304
0.218716 0.809354
0.219683 0.790081
0.220650 0.770465
0.221617 0.750486
0.222584 0.730119
0.223552 0.709336
0.224519 0.688104
0.225486 0.666387
0.226453 0.644142

0.226453 0.644142
0.227676 0.728615
0.228899 0.804073
0.230123 0.872797
0.231346 0.936214
0.232569 0.995288
0.233792 1.050703
0.235016 1.102967
0.236239 1.152466
0.237462 1.199504
0.238685 1.244322
0.239909 1.287119
0.241132 1.328058
0.242355 1.367274
0.243578 1.404885
0.244802 1.440989
0.246025 1.475671
0.247248 1.509007
0.248471 1.541061
0.249695 1.571893
0.250918 1.601554
0.252141 1.630091
0.253364 1.657545
0.254588 1.683955
0.255811 1.709356
0.257034 1.733780
0.258257 1.757257
0.259481 1.779815
0.260704 1.801479
0.261927 1.782106
0.263151 1.757820
0.264374 1.733432
0.265597 1.708947
0.266820 1.684370
0.268043 1.659706
0.269267 1.634961
0.270490 1.610138
0.271713 1.585243
0.272937 1.560281
0.274160 1.535255
0.275383 1.510172
0.276606 1.485034
0.277830 1.459847
0.279053 1.434615
0.280276 1.409342
0.281499 1.384031
0.282723 1.358688
0.283946 1.333315
0.285169 1.307916
0.286392 1.282495
0.287616 1.257055
0.288839 1.231600
0.290062 1.206133
0.291285 1.180656
0.292509 1.155174
0.293732 1.129688
0.294955 1.104201
0.296178 1.078716
0.297402 1.053236
0.298625 1.027762
0.299848 1.002297
0.301071 0.976843
0.302295 0.951401
0.303518 0.925974
0.304741 0.900563
0.305964 0.875169
0.307188 0.849795
0.308411 0.824440
0.309634 0.799106
0.310857 0.773795
0.312081 0.748507
0.313304 0.723242
0.314527 0.698001
0.315750 0.672786
0.316974 0.647595
0.318197 0.622429
0.319420 0.597289
0.320644 0.572174
0.321867 0.547084
0.323090 0.522019
0.324313 0.496979
0.325537 0.471962
0.326760 0.446969
0.327983 0.421999
0.329206 0.397051
0.330429 0.372125
0.331653 0.347218
0.332876 0.322331
0.334099 0.297463
0.335323 0.272611
0.336546 0.247776
0.337769 0.222955
0.338992 0.198148
0.340216 0.173353
0.341439 0.148568
0.342662 0.123792
0.343885 0.099025
0.345109 0.074263
0.346332 0.049507
0.347555 0.024753
0.348778 0.000220

0.348778 0.000220
0.350076 0.026254
0.351373 0.052501
0.352671 0.078740
0.353968 0.104966
0.355266 0.131173
0.356563 0.157359
0.357861 0.183517
0.359158 0.209643
0.360455 0.235734
0.361753 0.261784
0.363050 0.287790
0.364348 0.313746
0.365645 0.339649
0.366943 0.365493
0.368240 0.391275
0.369538 0.416990
0.370835 0.442634
0.372133 0.468203
0.373430 0.493692
0.374728 0.519096
0.376025 0.544412
0.377323 0.569636
0.378620 0.594763
0.379917 0.619789
0.381215 0.644710
0.382512 0.669522
0.383810 0.694221
0.385107 0.718802
0.386405 0.743262
0.387702 0.767597
0.389000 0.791803
0.390297 0.815876
0.391595 0.839812
0.392892 0.863607
0.394189 0.887257
0.395487 0.910760
0.396784 0.934111
0.398082 0.957306
0.399379 0.980342
0.400677 1.003216
0.401974 1.025923
0.403272 1.048461
0.404569 1.070827
0.405867 1.093016
0.407164 1.115025
0.408461 1.136852
0.409759 1.158494
0.411056 1.179946
0.412354 1.201206
0.413651 1.222272
0.414949 1.243139
0.416246 1.263806
0.417544 1.284270
0.418841 1.304527
0.420139 1.324576
0.421436 1.344413
0.422733 1.364036
0.424031 1.383442
0.425328 1.402630
0.426626 1.421596
0.427923 1.440340
0.429221 1.458857
0.430518 1.477147
0.431816 1.495207
0.433113 1.513036
0.434411 1.530630
0.435708 1.547990
0.437006 1.565112
0.438303 1.581996
0.439601 1.598639
0.440898 1.615040
0.442195 1.631199
0.443493 1.647112
0.444790 1.662780
0.446088 1.678200
0.447385 1.693373
0.448683 1.708296
0.449980 1.722969
0.451278 1.737391
0.452575 1.751562
0.453873 1.765480
0.455170 1.779145
0.456468 1.792557
0.457765 1.805715
0.459062 1.818619
0.460360 1.831268
0.461657 1.843663
0.462955 1.854122
0.464252 1.846027
0.465550 1.837776
0.466847 1.829367
0.468145 1.820799
0.469442 1.812071
0.470739 1.803182
0.472037 1.794132
0.473334 1.784918
0.474632 1.775541
0.475929 1.765998
0.477227 1.756291
0.478524 1.746416

0.478524 1.746416
0.479822 1.745450
0.481119 1.742570
0.482417 1.737834
0.483714 1.731326
0.485012 1.723149
0.486309 1.713410
0.487606 1.702216
0.488904 1.689661
0.490201 1.675830
0.491499 1.660796
0.492796 1.644615
0.494094 1.627336
0.495391 1.608992
0.496689 1.589610
0.497986 1.569207
0.499284 1.547792
0.500581 1.525368
0.501879 1.501930
0.503176 1.477468
0.504473 1.451968
0.505771 1.425406
0.507068 1.397755
0.508366 1.368980
0.509663 1.339039
0.510961 1.307884
0.512258 1.275455
0.513556 1.241683
0.514853 1.206486
0.516151 1.169766
0.517448 1.131408
0.518745 1.091270
0.520043 1.049183
0.521340 1.004938
0.522638 0.958272
0.523935 0.908851
0.525233 0.856241
0.526530 0.799855
0.527828 0.738878
0.529125 0.672115
0.530423 0.597688
0.531720 0.512337
0.533018 0.409373
0.534315 0.269429
0.535613 -0.149740
0.536910 -0.342614
0.538207 -0.460677
0.539505 -0.553957
0.540802 -0.633441
0.542100 -0.703768
0.543397 -0.767414
0.544695 -0.825881
0.545992 -0.880163
0.547290 -0.930954
0.548587 -0.978761
0.549884 -1.023970
0.551182 -1.066878
0.552479 -1.107722
0.553777 -1.146692
0.555074 -1.183946
0.556372 -1.219613
0.557669 -1.253803
0.558967 -1.286608
0.560264 -1.318108
0.561562 -1.348369
0.562859 -1.377452
0.564157 -1.405408
0.565454 -1.432282
0.566751 -1.458112
0.568049 -1.482936
0.569346 -1.506782
0.570644 -1.529679
0.571941 -1.551652
0.573239 -1.572722
0.574536 -1.592909
0.575834 -1.612231
0.577131 -1.630703
0.578429 -1.648341
0.579726 -1.665156
0.581024 -1.681161
0.582321 -1.696367
0.583618 -1.710782
0.584916 -1.724415
0.586213 -1.737275
0.587511 -1.749368
0.588808 -1.760700
0.590106 -1.771278
0.591403 -1.781106
0.592701 -1.790189
0.593998 -1.798532
0.595296 -1.806137
0.596593 -1.813009
0.597890 -1.819150
0.599188 -1.824563
0.600485 -1.829250
0.601783 -1.833213
0.603080 -1.836453
0.604378 -1.838972
0.605675 -1.840770
0.606973 -1.841849
0.608270 -1.842209

0.608270 -1.842209
0.609237 -1.842133
0.610204 -1.841908
0.611171 -1.841532
0.612138 -1.841005
0.613105 -1.840328
0.614073 -1.839500
0.615040 -1.838522
0.616007 -1.837392
0.616974 -1.836111
0.617941 -1.834678
0.618908 -1.833094
0.619875 -1.831358
0.620842 -1.829469
0.621809 -1.827428
0.622776 -1.825233
0.623743 -1.822886
0.624710 -1.820384
0.625677 -1.817728
0.626645 -1.814917
0.627611 -1.811951
0.628579 -1.808829
0.629546 -1.805550
0.630513 -1.802114
0.631480 -1.798521
0.632447 -1.794769
0.633414 -1.790857
0.634381 -1.786786
0.635348 -1.782554
0.636315 -1.778161
0.637282 -1.773605
0.638249 -1.768885
0.639216 -1.764002
0.640183 -1.758953
0.641150 -1.753738
0.642118 -1.748356
0.643085 -1.742806
0.644052 -1.737086
0.645019 -1.731196
0.645986 -1.725134
0.646953 -1.718899
0.647920 -1.712490
0.648887 -1.705906
0.649854 -1.699145
0.650821 -1.692207
0.651788 -1.685089
0.652755 -1.677791
0.653722 -1.670311
0.654690 -1.662648
0.655656 -1.654800
0.656624 -1.646767
0.657591 -1.638546
0.658558 -1.630138
0.659525 -1.621539
0.660492 -1.612750
0.661459 -1.603769
0.662426 -1.594595
0.663393 -1.585228
0.664360 -1.575665
0.665327 -1.565907
0.666294 -1.555953
0.667261 -1.545803
0.668228 -1.535457
0.669196 -1.524914
0.670163 -1.514175
0.671130 -1.503242
0.672097 -1.492116
0.673064 -1.480798
0.674031 -1.469290
0.674998 -1.457597
0.675965 -1.445722
0.676932 -1.433670
0.677899 -1.421447
0.678866 -1.409061
0.679833 -1.396520
0.680800 -1.383834
0.681767 -1.371017
0.682735 -1.358084
0.683701 -1.345051
0.684669 -1.331940
0.685636 -1.318775
0.686603 -1.305584
0.687570 -1.292401
0.688537 -1.279264
0.689504 -1.266218
0.690471 -1.253316
0.691438 -1.240616
0.692405 -1.228188
0.693372 -1.216110
0.694339 -1.204470
0.695306 -1.193367
0.696273 -1.182910
0.697241 -1.173219
0.698208 -1.164421
0.699175 -1.156649
0.700142 -1.150040
0.701109 -1.144725
0.702076 -1.140828
0.703043 -1.138454
0.704010 -1.137686
0.704977 -1.138576

0.704977 -1.138576
0.706200 -1.131412
0.707424 -1.123739
0.708647 -1.115547
0.709870 -1.106823
0.711093 -1.097554
0.712317 -1.087727
0.713540 -1.077325
0.714763 -1.066333
0.715986 -1.054733
0.717210 -1.042506
0.718433 -1.029629
0.719656 -1.016081
0.720879 -1.001836
0.722103 -0.986866
0.723326 -0.971141
0.724549 -0.954627
0.725772 -0.937286
0.726996 -0.919076
0.728219 -0.899949
0.729442 -0.879851
0.730665 -0.858720
0.731889 -0.836485
0.733112 -0.813064
0.734335 -0.788359
0.735558 -0.762255
0.736782 -0.734614
0.738005 -0.705267
0.739228 -0.674004
0.740452 -0.640558
0.741675 -0.604583
0.742898 -0.565615
0.744121 -0.523006
0.745344 -0.475801
0.746568 -0.422488
0.747791 -0.360400
0.749014 -0.283877
0.750238 -0.174974
0.751461 0.141412
0.752684 0.266885
0.753907 0.350782
0.755131 0.418845
0.756354 0.477859
0.757577 0.530823
0.758800 0.579374
0.760024 0.624519
0.761247 0.666927
0.762470 0.707070
0.763693 0.745294
0.764917 0.781861
0.766140 0.816973
0.767363 0.850795
0.768586 0.883456
0.769810 0.915064
0.771033 0.945708
0.772256 0.975464
0.773479 1.004395
0.774703 1.032556
0.775926 1.059994
0.777149 1.086750
0.778372 1.112860
0.779596 1.138356
0.780819 1.163266
0.782042 1.187614
0.783265 1.211424
0.784489 1.234714
0.785712 1.257503
0.786935 1.279807
0.788158 1.301641
0.789382 1.323018
0.790605 1.343949
0.791828 1.364446
0.793052 1.384519
0.794275 1.404175
0.795498 1.423422
0.796721 1.442268
0.797944 1.460716
0.799168 1.478772
0.800391 1.496437
0.801614 1.513715
0.802837 1.530603
0.804061 1.547101
0.805284 1.563204
0.806507 1.578905
0.807731 1.594194
0.808954 1.609057
0.810177 1.623476
0.811400 1.637426
0.812624 1.650878
0.813847 1.663791
0.815070 1.676117
0.816293 1.687795
0.817517 1.698748
0.818740 1.708886
0.819963 1.718099
0.821186 1.726261
0.822410 1.733232
0.823633 1.738864
0.824856 1.743013
0.826079 1.745558
0.827303 1.746416


0.000000 0.000220
0.001298 0.026254
0.002595 0.052501
0.003892 0.078740
0.005190 0.104966
0.006487 0.131173
0.007785 0.157359
0.009082 0.183517
0.010380 0.209643
0.011677 0.235734
0.012975 0.261784
0.014272 0.287790
0.015570 0.313746
0.016867 0.339649
0.018164 0.365493
0.019462 0.391275
0.020759 0.416990
0.022057 0.442634
0.023354 0.468203
0.024652 0.493692
0.025949 0.519096
0.027247 0.544412
0.028544 0.569636
0.029842 0.594763
0.031139 0.619789
0.032437 0.644710
0.033734 0.669522
0.035031 0.694221
0.036329 0.718802
0.037626 0.743262
0.038924 0.767597
0.040221 0.791803
0.041519 0.815876
0.042816 0.839812
0.044114 0.863607
0.045411 0.887257
0.046709 0.910760
0.048006 0.934111
0.049303 0.957306
0.050601 0.980342
0.051898 1.003216
0.053196 1.025923
0.054493 1.048461
0.055791 1.070827
0.057088 1.093016
0.058386 1.115025
0.059683 1.136852
0.060981 1.158494
0.062278 1.179946
0.063575 1.201206
0.064873 1.222272
0.066170 1.243139
0.067468 1.263806
0.068765 1.284270
0.070063 1.304527
0.071360 1.324576
0.072658 1.344413
0.073955 1.364036
0.075253 1.383442
0.076550 1.402630
0.077848 1.421596
0.079145 1.440340
0.080443 1.458857
0.081740 1.477147
0.083037 1.495207
0.084335 1.513036
0.085632 1.530630
0.086930 1.547990
0.088227 1.565112
0.089525 1.581996
0.090822 1.598639
0.092120 1.615040
0.093417 1.631199
0.094714 1.647112
0.096012 1.662780
0.097309 1.678200
0.098607 1.693373
0.099904 1.708296
0.101202 1.722969
0.102499 1.737391
0.103797 1.751562
0.105094 1.765480
0.106392 1.779146
0.107689 1.792557
0.108987 1.805715
0.110284 1.818619
0.111582 1.831268
0.112879 1.843663
0.114176 1.855803
0.115474 1.867689
0.116771 1.879320
0.118069 1.890696
0.119366 1.901819
0.120664 1.912688
0.121961 1.923303
0.123259 1.933666
0.124556 1.943778
0.125854 1.953637
0.127151 1.963247
0.128448 1.972607
0.129746 1.981719

0.129746 1.981719
0.130713 1.978836
0.131680 1.976183
0.132647 1.973760
0.133614 1.971569
0.134581 1.969612
0.135548 1.967889
0.136515 1.966401
0.137482 1.965149
0.138450 1.964132
0.139417 1.963352
0.140384 1.962807
0.141351 1.962498
0.142318 1.962424
0.143285 1.962584
0.144252 1.962976
0.145219 1.963599
0.146186 1.964452
0.147153 1.965533
0.148120 1.966839
0.149087 1.968368
0.150054 1.970118
0.151021 1.972087
0.151988 1.974270
0.152955 1.976665
0.153923 1.979269
0.154890 1.982078
0.155857 1.985088
0.156824 1.986420
0.157791 1.987493
0.158758 1.988522
0.159725 1.989504
0.160692 1.990436
0.161659 1.991315
0.162626 1.992140
0.163593 1.992908
0.164560 1.993618
0.165527 1.994269
0.166494 1.994860
0.167462 1.995391
0.168429 1.995860
0.169396 1.996268
0.170363 1.996613
0.171330 1.996897
0.172297 1.997119
0.173264 1.997279
0.174231 1.997379
0.175198 1.997417
0.176165 1.997395
0.177132 1.997313
0.178099 1.997171
0.179066 1.994107
0.180034 1.989178
0.181001 1.984126
0.181968 1.978960
0.182935 1.973688
0.183902 1.968319
0.184869 1.962860
0.185836 1.957321
0.186803 1.951709
0.187770 1.946034
0.188737 1.940304
0.189704 1.934528
0.190671 1.928715
0.191638 1.922874
0.192605 1.917013
0.193572 1.911142
0.194540 1.905269
0.195507 1.899404
0.196474 1.893556
0.197441 1.887733
0.198408 1.881944
0.199375 1.876199
0.200342 1.870506
0.201309 1.864873
0.202276 1.859311
0.203243 1.853826
0.204210 1.848428
0.205177 1.843125
0.206144 1.837925
0.207111 1.832836
0.208078 1.827867
0.209045 1.823024
0.210013 1.818316
0.210980 1.813749
0.211947 1.809331
0.212914 1.805068
0.213881 1.800968
0.214848 1.797036
0.215815 1.793278
0.216782 1.789701
0.217749 1.786309
0.218716 1.783107
0.219683 1.780102
0.220650 1.777295
0.221617 1.774693
0.222584 1.772298
0.223552 1.770115
0.224519 1.768145
0.225486 1.766391
0.226453 1.764856

0.226453 1.764856
0.227676 1.770571
0.228899 1.776313
0.230123 1.782078
0.231346 1.787863
0.232569 1.793665
0.233792 1.799480
0.235016 1.805305
0.236239 1.811137
0.237462 1.816972
0.238685 1.822808
0.239909 1.828642
0.241132 1.834470
0.242355 1.840290
0.243578 1.846098
0.244802 1.851892
0.246025 1.857670
0.247248 1.863428
0.248471 1.869164
0.249695 1.874875
0.250918 1.880559
0.252141 1.886214
0.253364 1.891836
0.254588 1.897425
0.255811 1.901814
0.257034 1.878119
0.258257 1.854296
0.259481 1.830349
0.260704 1.806284
0.261927 1.822275
0.263151 1.842225
0.264374 1.861351
0.265597 1.876718
0.266820 1.865404
0.268043 1.853489
0.269267 1.840973
0.270490 1.827856
0.271713 1.814139
0.272937 1.799824
0.274160 1.784912
0.275383 1.769404
0.276606 1.753304
0.277830 1.736614
0.279053 1.719337
0.280276 1.701476
0.281499 1.683034
0.282723 1.664017
0.283946 1.644427
0.285169 1.624271
0.286392 1.603552
0.287616 1.582276
0.288839 1.560449
0.290062 1.538076
0.291285 1.515163
0.292509 1.491718
0.293732 1.467747
0.294955 1.443256
0.296178 1.418254
0.297402 1.392747
0.298625 1.366745
0.299848 1.340254
0.301071 1.313283
0.302295 1.285841
0.303518 1.257937
0.304741 1.229579
0.305964 1.200778
0.307188 1.171543
0.308411 1.141883
0.309634 1.111809
0.310857 1.081331
0.312081 1.050460
0.313304 1.019205
0.314527 0.987578
0.315750 0.955591
0.316974 0.923253
0.318197 0.890577
0.319420 0.857575
0.320644 0.824257
0.321867 0.790636
0.323090 0.756724
0.324313 0.722534
0.325537 0.688077
0.326760 0.653366
0.327983 0.618413
0.329206 0.583232
0.330429 0.547835
0.331653 0.512235
0.332876 0.476446
0.334099 0.440480
0.335323 0.404350
0.336546 0.368071
0.337769 0.331655
0.338992 0.295115
0.340216 0.258466
0.341439 0.221721
0.342662 0.184894
0.343885 0.147998
0.345109 0.111047
0.346332 0.074054
0.347555 0.037035
0.348778 0.000220

0.348778 0.000220
0.350076 0.026254
0.351373 0.052501
0.352671 0.078740
0.353968 0.104966
0.355266 0.131173
0.356563 0.157359
0.357861 0.183517
0.359158 0.209643
0.360455 0.235734
0.361753 0.261784
0.363050 0.287790
0.364348 0.313746
0.365645 0.339649
0.366943 0.365493
0.368240 0.391275
0.369538 0.416990
0.370835 0.442634
0.372133 0.468203
0.373430 0.493692
0.374728 0.519096
0.376025 0.544412
0.377323 0.569636
0.378620 0.594763
0.379917 0.619789
0.381215 0.644710
0.382512 0.669522
0.383810 0.694221
0.385107 0.718802
0.386405 0.743262
0.387702 0.767597
0.389000 0.791803
0.390297 0.815876
0.391595 0.839812
0.392892 0.863607
0.394189 0.887257
0.395487 0.910760
0.396784 0.934111
0.398082 0.957306
0.399379 0.980342
0.400677 1.003216
0.401974 1.025923
0.403272 1.048461
0.404569 1.070827
0.405867 1.093016
0.407164 1.115025
0.408461 1.136852
0.409759 1.158494
0.411056 1.179946
0.412354 1.201206
0.413651 1.222272
0.414949 1.243139
0.416246 1.263806
0.417544 1.284270
0.418841 1.304527
0.420139 1.324576
0.421436 1.344413
0.422733 1.364036
0.424031 1.383442
0.425328 1.402630
0.426626 1.421596
0.427923 1.440340
0.429221 1.458857
0.430518 1.477147
0.431816 1.495207
0.433113 1.513036
0.434411 1.530630
0.435708 1.547990
0.437006 1.565112
0.438303 1.581996
0.439601 1.598639
0.440898 1.615040
0.442195 1.631199
0.443493 1.647112
0.444790 1.662780
0.446088 1.678200
0.447385 1.693373
0.448683 1.708296
0.449980 1.722969
0.451278 1.737391
0.452575 1.751562
0.453873 1.765480
0.455170 1.779145
0.456468 1.792557
0.457765 1.805715
0.459062 1.818619
0.460360 1.831268
0.461657 1.843663
0.462955 1.855803
0.464252 1.867689
0.465550 1.879320
0.466847 1.890696
0.468145 1.901819
0.469442 1.912688
0.470739 1.923303
0.472037 1.933666
0.473334 1.943778
0.474632 1.953638
0.475929 1.963247
0.477227 1.972607
0.478524 1.981719

0.478524 1.981719
0.479822 1.982005
0.481119 1.982862
0.482417 1.984290
0.483714 1.986285
0.485012 1.988843
0.486309 1.991961
0.487606 1.995632
0.488904 1.999777
0.490201 2.003290
0.491499 2.006773
0.492796 2.010160
0.494094 2.013397
0.495391 2.016438
0.496689 2.019246
0.497986 2.021793
0.499284 2.024053
0.500581 2.026008
0.501879 2.027644
0.503176 2.028948
0.504473 2.029913
0.505771 2.030531
0.507068 2.030800
0.508366 2.030716
0.509663 2.030279
0.510961 2.029489
0.512258 2.028348
0.513556 2.026857
0.514853 2.025020
0.516151 2.022840
0.517448 2.020323
0.518745 2.017472
0.520043 2.014295
0.521340 2.010796
0.522638 2.006983
0.523935 2.002862
0.525233 1.998440
0.526530 1.993725
0.527828 1.988725
0.529125 1.983448
0.530423 1.977903
0.531720 1.972099
0.533018 1.966045
0.534315 1.959749
0.535613 1.953222
0.536910 1.946474
0.538207 1.939515
0.539505 1.932355
0.540802 1.925004
0.542100 1.917475
0.543397 1.909777
0.544695 1.901922
0.545992 1.893921
0.547290 1.885787
0.548587 1.877531
0.549884 1.869166
0.551182 1.860703
0.552479 1.852155
0.553777 1.843535
0.555074 1.834856
0.556372 1.826131
0.557669 1.817373
0.558967 1.808596
0.560264 1.799812
0.561562 1.791036
0.562859 1.782281
0.564157 1.773561
0.565454 1.764889
0.566751 1.756281
0.568049 1.747750
0.569346 1.739309
0.570644 1.730974
0.571941 1.722757
0.573239 1.714674
0.574536 1.706737
0.575834 1.698961
0.577131 1.691359
0.578429 1.683945
0.579726 1.676733
0.581024 1.669735
0.582321 1.662964
0.583618 1.656433
0.584916 1.650155
0.586213 1.644141
0.587511 1.638403
0.588808 1.632952
0.590106 1.627798
0.591403 1.622953
0.592701 1.618425
0.593998 1.614225
0.595296 1.610359
0.596593 1.606838
0.597890 1.603666
0.599188 1.600852
0.600485 1.598401
0.601783 1.596318
0.603080 1.594608
0.604378 1.593274
0.605675 1.592319
0.606973 1.591746
0.608270 1.591554

0.608270 1.591554
0.609237 1.591514
0.610204 1.591394
0.611171 1.591194
0.612138 1.590913
0.613105 1.590551
0.614073 1.590108
0.615040 1.589584
0.616007 1.588977
0.616974 1.588288
0.617941 1.587514
0.618908 1.586656
0.619875 1.585713
0.620842 1.584683
0.621809 1.583565
0.622776 1.582358
0.623743 1.581060
0.624710 1.579671
0.625677 1.578188
0.626645 1.576609
0.627611 1.574933
0.628579 1.573158
0.629546 1.571281
0.630513 1.569301
0.631480 1.567214
0.632447 1.565018
0.633414 1.562710
0.634381 1.560288
0.635348 1.557748
0.636315 1.555086
0.637282 1.552299
0.638249 1.549384
0.639216 1.546336
0.640183 1.543151
0.641150 1.539823
0.642118 1.536350
0.643085 1.532725
0.644052 1.528942
0.645019 1.524997
0.645986 1.520882
0.646953 1.516592
0.647920 1.512119
0.648887 1.507457
0.649854 1.502597
0.650821 1.497531
0.651788 1.492251
0.652755 1.486747
0.653722 1.481010
0.654690 1.475030
0.655656 1.468795
0.656624 1.462294
0.657591 1.455515
0.658558 1.448445
0.659525 1.441072
0.660492 1.433381
0.661459 1.425357
0.662426 1.416985
0.663393 1.408250
0.664360 1.399134
0.665327 1.389620
0.666294 1.379690
0.667261 1.369327
0.668228 1.358512
0.669196 1.347224
0.670163 1.335446
0.671130 1.323157
0.672097 1.310338
0.673064 1.296970
0.674031 1.283033
0.674998 1.268509
0.675965 1.253381
0.676932 1.237631
0.677899 1.221246
0.678866 1.204210
0.679833 1.186513
0.680800 1.168146
0.681767 1.149101
0.682735 1.129377
0.683701 1.108973
0.684669 1.087895
0.685636 1.066154
0.686603 1.043765
0.687570 1.020754
0.688537 0.997151
0.689504 0.973000
0.690471 0.948355
0.691438 0.923283
0.692405 0.897871
0.693372 0.872222
0.694339 0.846466
0.695306 0.820756
0.696273 0.795280
0.697241 0.770258
0.698208 0.745947
0.699175 0.722643
0.700142 0.700675
0.701109 0.680403
0.702076 0.662203
0.703043 0.646450
0.704010 0.633494
0.704977 0.623632

0.704977 0.623632
0.706200 0.655947
0.707424 0.687122
0.708647 0.717295
0.709870 0.746575
0.711093 0.775052
0.712317 0.802801
0.713540 0.829884
0.714763 0.856354
0.715986 0.882254
0.717210 0.907625
0.718433 0.932499
0.719656 0.956904
0.720879 0.980866
0.722103 1.004406
0.723326 1.027545
0.724549 1.050299
0.725772 1.072684
0.726996 1.094712
0.728219 1.116396
0.729442 1.137746
0.730665 1.158773
0.731889 1.179483
0.733112 1.199886
0.734335 1.219988
0.735558 1.239794
0.736782 1.259310
0.738005 1.278542
0.739228 1.297494
0.740452 1.316169
0.741675 1.334570
0.742898 1.352702
0.744121 1.370567
0.745344 1.388167
0.746568 1.405505
0.747791 1.422582
0.749014 1.439400
0.750238 1.455961
0.751461 1.472265
0.752684 1.488315
0.753907 1.504110
0.755131 1.519652
0.756354 1.534941
0.757577 1.549978
0.758800 1.564763
0.760024 1.579296
0.761247 1.593579
0.762470 1.607610
0.763693 1.621390
0.764917 1.634918
0.766140 1.648196
0.767363 1.661221
0.768586 1.673995
0.769810 1.686517
0.771033 1.698787
0.772256 1.710804
0.773479 1.722568
0.774703 1.734078
0.775926 1.745334
0.777149 1.756336
0.778372 1.767083
0.779596 1.777574
0.780819 1.787809
0.782042 1.797788
0.783265 1.807509
0.784489 1.816973
0.785712 1.826178
0.786935 1.835125
0.788158 1.843811
0.789382 1.852238
0.790605 1.860404
0.791828 1.868309
0.793052 1.875952
0.794275 1.883332
0.795498 1.890450
0.796721 1.897303
0.797944 1.903893
0.799168 1.910219
0.800391 1.916279
0.801614 1.922073
0.802837 1.927602
0.804061 1.932864
0.805284 1.937859
0.806507 1.942586
0.807731 1.947046
0.808954 1.951237
0.810177 1.955160
0.811400 1.958814
0.812624 1.962198
0.813847 1.965313
0.815070 1.968158
0.816293 1.970733
0.817517 1.973038
0.818740 1.975071
0.819963 1.976834
0.821186 1.978327
0.822410 1.979547
0.823633 1.980497
0.824856 1.981176
0.826079 1.981583
0.827303 1.981719


0.000000 2.129617
0.001298 2.129594
0.002595 2.129523
0.003892 2.129406
0.005190 2.129242
0.006487 2.129030
0.007785 2.128771
0.009082 2.128464
0.010380 2.128110
0.011677 2.127707
0.012975 2.127255
0.014272 2.126754
0.015570 2.126204
0.016867 2.125603
0.018164 2.124952
0.019462 2.124249
0.020759 2.123495
0.022057 2.122688
0.023354 2.121828
0.024652 2.120914
0.025949 2.119945
0.027247 2.118921
0.028544 2.117839
0.029842 2.116701
0.031139 2.115504
0.032437 2.114247
0.033734 2.112930
0.035031 2.111552
0.036329 2.110111
0.037626 2.108606
0.038924 2.107036
0.040221 2.105401
0.041519 2.103698
0.042816 2.101926
0.044114 2.100085
0.045411 2.098172
0.046709 2.096187
0.048006 2.094128
0.049303 2.091993
0.050601 2.089782
0.051898 2.087493
0.053196 2.085124
0.054493 2.082674
0.055791 2.080141
0.057088 2.077524
0.058386 2.074821
0.059683 2.072031
0.060981 2.069153
0.062278 2.066183
0.063575 2.063122
0.064873 2.059966
0.066170 2.056716
0.067468 2.053368
0.068765 2.049922
0.070063 2.046375
0.071360 2.042726
0.072658 2.038973
0.073955 2.035115
0.075253 2.031150
0.076550 2.027076
0.077848 2.022892
0.079145 2.018595
0.080443 2.014184
0.081740 2.009657
0.083037 2.005014
0.084335 2.000251
0.085632 1.995367
0.086930 1.990361
0.088227 1.985231
0.089525 1.979975
0.090822 1.974592
0.092120 1.969080
0.093417 1.963437
0.094714 1.957662
0.096012 1.951753
0.097309 1.945709
0.098607 1.939527
0.099904 1.933207
0.101202 1.926747
0.102499 1.920146
0.103797 1.913401
0.105094 1.906511
0.106392 1.899476
0.107689 1.892294
0.108987 1.884962
0.110284 1.877481
0.111582 1.869848
0.112879 1.862062
0.114176 1.855803
0.115474 1.867689
0.116771 1.879320
0.118069 1.890696
0.119366 1.901819
0.120664 1.912688
0.121961 1.923303
0.123259 1.933667
0.124556 1.943778
0.125854 1.953638
0.127151 1.963247
0.128448 1.972607
0.129746 1.981719

0.129746 1.981719
0.130713 1.978876
0.131680 1.976357
0.132647 1.974181
0.133614 1.972355
0.134581 1.970880
0.135548 1.969748
0.136515 1.968942
0.137482 1.968443
0.138450 1.968224
0.139417 1.968258
0.140384 1.968518
0.141351 1.968975
0.142318 1.969603
0.143285 1.970375
0.144252 1.971268
0.145219 1.972260
0.146186 1.973331
0.147153 1.974463
0.148120 1.975641
0.149087 1.976851
0.150054 1.978079
0.151021 1.979315
0.151988 1.980549
0.152955 1.981772
0.153923 1.982977
0.154890 1.984157
0.155857 1.985306
0.156824 1.988296
0.157791 1.991697
0.158758 1.995287
0.159725 1.999062
0.160692 2.003018
0.161659 2.007149
0.162626 2.011452
0.163593 2.015921
0.164560 2.020552
0.165527 2.025339
0.166494 2.030277
0.167462 2.035361
0.168429 2.038094
0.169396 2.035002
0.170363 2.031708
0.171330 2.028219
0.172297 2.024541
0.173264 2.020682
0.174231 2.016648
0.175198 2.012446
0.176165 2.008083
0.177132 2.003568
0.178099 1.998906
0.179066 1.996972
0.180034 1.996715
0.181001 1.996401
0.181968 1.996031
0.182935 1.995607
0.183902 1.995129
0.184869 1.994598
0.185836 1.994016
0.186803 1.993383
0.187770 1.992701
0.188737 1.991971
0.189704 1.991195
0.190671 1.990373
0.191638 1.989508
0.192605 1.988599
0.193572 1.987650
0.194540 1.986661
0.195507 1.985633
0.196474 1.984568
0.197441 1.983468
0.198408 1.982334
0.199375 1.981168
0.200342 1.979970
0.201309 1.978743
0.202276 1.977489
0.203243 1.976208
0.204210 1.974902
0.205177 1.973573
0.206144 1.972223
0.207111 1.970852
0.208078 1.969463
0.209045 1.968057
0.210013 1.966637
0.210980 1.965202
0.211947 1.963755
0.212914 1.962298
0.213881 1.960832
0.214848 1.959359
0.215815 1.957880
0.216782 1.956397
0.217749 1.954912
0.218716 1.953425
0.219683 1.951939
0.220650 1.950455
0.221617 1.948975
0.222584 1.947500
0.223552 1.946032
0.224519 1.944572
0.225486 1.943122
0.226453 1.941683

0.226453 1.941683
0.227676 1.947227
0.228899 1.952388
0.230123 1.957149
0.231346 1.961500
0.232569 1.965426
0.233792 1.968915
0.235016 1.971955
0.236239 1.974535
0.237462 1.976644
0.238685 1.978271
0.239909 1.979406
0.241132 1.980040
0.242355 1.980164
0.243578 1.979769
0.244802 1.978847
0.246025 1.977390
0.247248 1.975391
0.248471 1.972843
0.249695 1.969739
0.250918 1.966075
0.252141 1.961843
0.253364 1.948792
0.254588 1.925373
0.255811 1.902977
0.257034 1.908490
0.258257 1.913963
0.259481 1.919393
0.260704 1.915972
0.261927 1.907057
0.263151 1.897543
0.264374 1.887431
0.265597 1.879675
0.266820 1.897216
0.268043 1.913993
0.269267 1.930026
0.270490 1.945333
0.271713 1.959930
0.272937 1.973836
0.274160 1.980572
0.275383 1.985291
0.276606 1.989946
0.277830 1.994535
0.279053 1.999057
0.280276 2.003511
0.281499 2.007896
0.282723 2.012212
0.283946 2.016457
0.285169 2.020631
0.286392 2.024732
0.287616 2.028761
0.288839 2.032715
0.290062 2.036596
0.291285 2.040401
0.292509 2.044131
0.293732 2.047785
0.294955 2.051362
0.296178 2.054862
0.297402 2.058285
0.298625 2.061630
0.299848 2.064897
0.301071 2.068085
0.302295 2.071194
0.303518 2.074224
0.304741 2.077174
0.305964 2.080045
0.307188 2.082835
0.308411 2.085546
0.309634 2.088176
0.310857 2.090726
0.312081 2.093195
0.313304 2.095584
0.314527 2.097892
0.315750 2.100119
0.316974 2.102265
0.318197 2.104330
0.319420 2.106314
0.320644 2.108217
0.321867 2.110039
0.323090 2.111780
0.324313 2.113439
0.325537 2.115018
0.326760 2.116515
0.327983 2.117931
0.329206 2.119267
0.330429 2.120521
0.331653 2.121694
0.332876 2.122786
0.334099 2.123797
0.335323 2.124727
0.336546 2.125576
0.337769 2.126344
0.338992 2.127031
0.340216 2.127637
0.341439 2.128163
0.342662 2.128607
0.343885 2.128971
0.345109 2.129254
0.346332 2.129456
0.347555 2.129577
0.348778 2.129617

0.348778 2.129617
0.350076 2.129594
0.351373 2.129523
0.352671 2.129406
0.353968 2.129242
0.355266 2.129030
0.356563 2.128771
0.357861 2.128464
0.359158 2.128110
0.360455 2.127707
0.361753 2.127255
0.363050 2.126754
0.364348 2.126204
0.365645 2.125603
0.366943 2.124952
0.368240 2.124249
0.369538 2.123495
0.370835 2.122688
0.372133 2.121828
0.373430 2.120914
0.374728 2.119945
0.376025 2.118921
0.377323 2.117839
0.378620 2.116701
0.379917 2.115504
0.381215 2.114247
0.382512 2.112930
0.383810 2.111552
0.385107 2.110111
0.386405 2.108606
0.387702 2.107036
0.389000 2.105401
0.390297 2.103698
0.391595 2.101926
0.392892 2.100085
0.394189 2.098172
0.395487 2.096187
0.396784 2.094128
0.398082 2.091993
0.399379 2.089782
0.400677 2.087493
0.401974 2.085124
0.403272 2.082674
0.404569 2.080141
0.405867 2.077524
0.407164 2.074821
0.408461 2.072031
0.409759 2.069153
0.411056 2.066183
0.412354 2.063122
0.413651 2.059966
0.414949 2.056716
0.416246 2.053368
0.417544 2.049922
0.418841 2.046375
0.420139 2.042726
0.421436 2.038973
0.422733 2.035115
0.424031 2.031150
0.425328 2.027076
0.426626 2.022892
0.427923 2.018595
0.429221 2.014184
0.430518 2.009657
0.431816 2.005014
0.433113 2.000251
0.434411 1.995367
0.435708 1.990361
0.437006 1.985231
0.438303 1.979975
0.439601 1.974592
0.440898 1.969080
0.442195 1.963437
0.443493 1.957662
0.444790 1.951753
0.446088 1.945709
0.447385 1.939527
0.448683 1.933207
0.449980 1.926747
0.451278 1.920146
0.452575 1.913401
0.453873 1.906511
0.455170 1.899476
0.456468 1.892294
0.457765 1.884962
0.459062 1.877481
0.460360 1.869848
0.461657 1.862062
0.462955 1.855803
0.464252 1.867689
0.465550 1.879320
0.466847 1.890696
0.468145 1.901819
0.469442 1.912688
0.470739 1.923303
0.472037 1.933666
0.473334 1.943778
0.474632 1.953638
0.475929 1.963247
0.477227 1.972607
0.478524 1.981719

0.478524 1.981719
0.479822 1.982005
0.481119 1.982862
0.482417 1.984290
0.483714 1.986285
0.485012 1.988843
0.486309 1.991961
0.487606 1.995632
0.488904 1.999777
0.490201 2.003290
0.491499 2.006773
0.492796 2.010160
0.494094 2.013397
0.495391 2.016438
0.496689 2.019246
0.497986 2.021793
0.499284 2.024053
0.500581 2.026008
0.501879 2.027644
0.503176 2.028948
0.504473 2.029913
0.505771 2.030531
0.507068 2.030800
0.508366 2.030717
0.509663 2.030280
0.510961 2.029490
0.512258 2.028348
0.513556 2.026857
0.514853 2.025020
0.516151 2.022840
0.517448 2.020323
0.518745 2.017473
0.520043 2.014295
0.521340 2.010796
0.522638 2.006983
0.523935 2.002862
0.525233 1.998440
0.526530 1.993725
0.527828 1.988725
0.529125 1.983449
0.530423 1.977904
0.531720 1.972099
0.533018 1.966045
0.534315 1.959749
0.535613 1.953222
0.536910 1.946474
0.538207 1.939515
0.539505 1.932355
0.540802 1.925004
0.542100 1.917475
0.543397 1.909777
0.544695 1.901922
0.545992 1.893921
0.547290 1.885787
0.548587 1.877531
0.549884 1.869166
0.551182 1.860703
0.552479 1.852155
0.553777 1.843536
0.555074 1.834857
0.556372 1.826131
0.557669 1.817373
0.558967 1.808596
0.560264 1.799812
0.561562 1.791036
0.562859 1.782281
0.564157 1.773561
0.565454 1.764890
0.566751 1.756281
0.568049 1.747750
0.569346 1.739310
0.570644 1.730974
0.571941 1.722757
0.573239 1.714674
0.574536 1.706737
0.575834 1.698961
0.577131 1.691359
0.578429 1.683945
0.579726 1.676733
0.581024 1.669735
0.582321 1.662964
0.583618 1.656433
0.584916 1.650155
0.586213 1.644141
0.587511 1.638403
0.588808 1.632952
0.590106 1.627798
0.591403 1.622953
0.592701 1.618426
0.593998 1.614225
0.595296 1.610360
0.596593 1.606838
0.597890 1.603666
0.599188 1.600852
0.600485 1.598401
0.601783 1.596318
0.603080 1.594608
0.604378 1.593274
0.605675 1.592320
0.606973 1.591746
0.608270 1.591554

0.608270 1.591554
0.609237 1.591514
0.610204 1.591394
0.611171 1.591194
0.612138 1.590913
0.613105 1.590551
0.614073 1.590109
0.615040 1.589584
0.616007 1.588977
0.616974 1.588288
0.617941 1.587514
0.618908 1.586656
0.619875 1.585713
0.620842 1.584683
0.621809 1.583565
0.622776 1.582358
0.623743 1.581060
0.624710 1.579671
0.625677 1.578188
0.626645 1.576609
0.627611 1.574933
0.628579 1.573158
0.629546 1.571281
0.630513 1.569301
0.631480 1.567214
0.632447 1.565018
0.633414 1.562711
0.634381 1.560288
0.635348 1.557748
0.636315 1.555086
0.637282 1.552300
0.638249 1.549384
0.639216 1.546336
0.640183 1.543151
0.641150 1.539824
0.642118 1.536350
0.643085 1.532725
0.644052 1.528942
0.645019 1.524997
0.645986 1.520882
0.646953 1.516592
0.647920 1.512119
0.648887 1.507457
0.649854 1.502597
0.650821 1.497531
0.651788 1.492251
0.652755 1.486747
0.653722 1.481010
0.654690 1.475030
0.655656 1.468795
0.656624 1.462294
0.657591 1.455515
0.658558 1.448446
0.659525 1.441072
0.660492 1.433381
0.661459 1.425357
0.662426 1.416985
0.663393 1.408250
0.664360 1.399134
0.665327 1.389620
0.666294 1.379691
0.667261 1.369327
0.668228 1.358512
0.669196 1.347225
0.670163 1.335446
0.671130 1.323157
0.672097 1.310338
0.673064 1.296970
0.674031 1.283033
0.674998 1.268509
0.675965 1.253381
0.676932 1.237632
0.677899 1.221246
0.678866 1.204210
0.679833 1.186514
0.680800 1.168146
0.681767 1.149102
0.682735 1.129377
0.683701 1.108973
0.684669 1.087895
0.685636 1.066154
0.686603 1.043765
0.687570 1.020754
0.688537 0.997151
0.689504 0.973000
0.690471 0.948355
0.691438 0.923284
0.692405 0.897871
0.693372 0.872222
0.694339 0.846466
0.695306 0.820756
0.696273 0.795280
0.697241 0.770258
0.698208 0.745947
0.699175 0.722643
0.700142 0.700675
0.701109 0.680403
0.702076 0.662203
0.703043 0.646450
0.704010 0.633494
0.704977 0.623632

0.704977 0.623632
0.706200 0.655947
0.707424 0.687122
0.708647 0.717295
0.709870 0.746575
0.711093 0.775052
0.712317 0.802801
0.713540 0.829884
0.714763 0.856354
0.715986 0.882254
0.717210 0.907625
0.718433 0.932499
0.719656 0.956904
0.720879 0.980866
0.722103 1.004406
0.723326 1.027545
0.724549 1.050299
0.725772 1.072684
0.726996 1.094712
0.728219 1.116396
0.729442 1.137746
0.730665 1.158773
0.731889 1.179483
0.733112 1.199886
0.734335 1.219988
0.735558 1.239794
0.736782 1.259310
0.738005 1.278542
0.739228 1.297494
0.740452 1.316169
0.741675 1.334570
0.742898 1.352702
0.744121 1.370567
0.745344 1.388167
0.746568 1.405505
0.747791 1.422582
0.749014 1.439400
0.750238 1.455961
0.751461 1.472265
0.752684 1.488315
0.753907 1.504110
0.755131 1.519652
0.756354 1.534941
0.757577 1.549978
0.758800 1.564763
0.760024 1.579296
0.761247 1.593579
0.762470 1.607610
0.763693 1.621390
0.764917 1.634918
0.766140 1.648196
0.767363 1.661221
0.768586 1.673995
0.769810 1.686517
0.771033 1.698787
0.772256 1.710804
0.773479 1.722568
0.774703 1.734078
0.775926 1.745334
0.777149 1.756336
0.778372 1.767083
0.779596 1.777574
0.780819 1.787809
0.782042 1.797788
0.783265 1.807509
0.784489 1.816973
0.785712 1.826178
0.786935 1.835125
0.788158 1.843811
0.789382 1.852238
0.790605 1.860404
0.791828 1.868309
0.793052 1.875952
0.794275 1.883332
0.795498 1.890450
0.796721 1.897303
0.797944 1.903893
0.799168 1.910219
0.800391 1.916279
0.801614 1.922073
0.802837 1.927602
0.804061 1.932864
0.805284 1.937859
0.806507 1.942586
0.807731 1.947046
0.808954 1.951237
0.810177 1.955160
0.811400 1.958814
0.812624 1.962198
0.813847 1.965313
0.815070 1.968158
0.816293 1.970733
0.817517 1.973038
0.818740 1.975071
0.819963 1.976834
0.821186 1.978327
0.822410 1.979547
0.823633 1.980497
0.824856 1.981176
0.826079 1.981583
0.827303 1.981719


0.000000 2.129617
0.001298 2.129648
0.002595 2.129739
0.003892 2.129891
0.005190 2.130103
0.006487 2.130375
0.007785 2.130705
0.009082 2.131094
0.010380 2.131540
0.011677 2.132041
0.012975 2.132597
0.014272 2.133206
0.015570 2.133866
0.016867 2.134575
0.018164 2.135332
0.019462 2.136134
0.020759 2.136980
0.022057 2.137866
0.023354 2.138791
0.024652 2.139751
0.025949 2.140744
0.027247 2.141767
0.028544 2.142817
0.029842 2.143890
0.031139 2.144985
0.032437 2.146097
0.033734 2.147222
0.035031 2.148359
0.036329 2.149501
0.037626 2.150647
0.038924 2.151792
0.040221 2.152933
0.041519 2.154065
0.042816 2.155184
0.044114 2.156287
0.045411 2.157369
0.046709 2.158427
0.048006 2.159454
0.049303 2.160449
0.050601 2.161406
0.051898 2.162320
0.053196 2.163188
0.054493 2.164005
0.055791 2.164767
0.057088 2.165469
0.058386 2.166106
0.059683 2.166675
0.060981 2.167170
0.062278 2.167587
0.063575 2.167923
0.064873 2.168171
0.066170 2.168328
0.067468 2.168389
0.068765 2.168350
0.070063 2.168207
0.071360 2.167954
0.072658 2.167588
0.073955 2.167104
0.075253 2.166499
0.076550 2.165766
0.077848 2.164903
0.079145 2.163906
0.080443 2.162769
0.081740 2.161489
0.083037 2.160062
0.084335 2.158484
0.085632 2.156751
0.086930 2.154858
0.088227 2.152803
0.089525 2.150581
0.090822 2.148189
0.092120 2.145623
0.093417 2.142879
0.094714 2.139953
0.096012 2.136844
0.097309 2.133546
0.098607 2.130057
0.099904 2.126373
0.101202 2.122492
0.102499 2.118410
0.103797 2.114124
0.105094 2.109632
0.106392 2.104930
0.107689 2.100015
0.108987 2.094886
0.110284 2.089539
0.111582 2.083972
0.112879 2.078182
0.114176 2.072168
0.115474 2.065926
0.116771 2.059455
0.118069 2.052753
0.119366 2.045817
0.120664 2.038646
0.121961 2.031238
0.123259 2.023591
0.124556 2.015703
0.125854 2.007574
0.127151 1.999201
0.128448 1.990583
0.129746 1.981719

0.129746 1.981719
0.130713 1.984828
0.131680 1.988161
0.132647 1.991717
0.133614 1.995492
0.134581 1.999484
0.135548 2.003646
0.136515 2.007715
0.137482 2.011785
0.138450 2.015820
0.139417 2.019784
0.140384 2.023645
0.141351 2.027378
0.142318 2.030956
0.143285 2.034359
0.144252 2.037571
0.145219 2.040574
0.146186 2.043357
0.147153 2.045909
0.148120 2.048222
0.149087 2.050287
0.150054 2.052101
0.151021 2.053658
0.151988 2.054956
0.152955 2.055992
0.153923 2.056766
0.154890 2.057277
0.155857 2.057526
0.156824 2.057514
0.157791 2.057243
0.158758 2.056715
0.159725 2.055933
0.160692 2.054899
0.161659 2.053618
0.162626 2.052094
0.163593 2.050330
0.164560 2.048332
0.165527 2.046104
0.166494 2.043651
0.167462 2.040979
0.168429 2.040586
0.169396 2.045946
0.170363 2.051436
0.171330 2.057052
0.172297 2.062786
0.173264 2.068634
0.174231 2.074590
0.175198 2.080649
0.176165 2.086805
0.177132 2.093053
0.178099 2.099386
0.179066 2.105800
0.180034 2.112289
0.181001 2.118848
0.181968 2.125470
0.182935 2.132151
0.183902 2.138884
0.184869 2.145666
0.185836 2.152490
0.186803 2.159350
0.187770 2.166243
0.188737 2.173162
0.189704 2.180102
0.190671 2.187059
0.191638 2.194028
0.192605 2.201002
0.193572 2.207979
0.194540 2.214952
0.195507 2.221917
0.196474 2.228870
0.197441 2.235805
0.198408 2.242719
0.199375 2.249607
0.200342 2.256465
0.201309 2.263288
0.202276 2.270073
0.203243 2.276815
0.204210 2.283510
0.205177 2.290155
0.206144 2.296745
0.207111 2.303278
0.208078 2.309749
0.209045 2.316155
0.210013 2.322492
0.210980 2.328757
0.211947 2.334948
0.212914 2.341060
0.213881 2.347092
0.214848 2.353039
0.215815 2.358899
0.216782 2.364669
0.217749 2.370347
0.218716 2.375930
0.219683 2.381416
0.220650 2.386802
0.221617 2.392086
0.222584 2.397265
0.223552 2.402339
0.224519 2.407303
0.225486 2.412158
0.226453 2.416900

0.226453 2.416900
0.227676 2.398022
0.228899 2.378877
0.230123 2.359472
0.231346 2.339810
0.232569 2.319900
0.233792 2.299745
0.235016 2.279351
0.236239 2.258726
0.237462 2.237873
0.238685 2.216800
0.239909 2.195511
0.241132 2.174013
0.242355 2.152311
0.243578 2.130412
0.244802 2.108320
0.246025 2.086043
0.247248 2.063585
0.248471 2.040952
0.249695 2.018151
0.250918 1.995187
0.252141 1.972065
0.253364 1.957039
0.254588 1.951659
0.255811 1.945697
0.257034 1.939151
0.258257 1.932017
0.259481 1.924291
0.260704 1.924778
0.261927 1.930117
0.263151 1.935408
0.264374 1.940648
0.265597 1.945836
0.266820 1.950971
0.268043 1.956051
0.269267 1.961074
0.270490 1.966039
0.271713 1.970945
0.272937 1.975790
0.274160 1.987068
0.275383 1.999641
0.276606 2.011573
0.277830 2.022879
0.279053 2.033576
0.280276 2.043679
0.281499 2.053205
0.282723 2.062169
0.283946 2.070586
0.285169 2.078472
0.286392 2.085844
0.287616 2.092716
0.288839 2.099104
0.290062 2.105024
0.291285 2.110490
0.292509 2.115520
0.293732 2.120128
0.294955 2.124330
0.296178 2.128142
0.297402 2.131579
0.298625 2.134658
0.299848 2.137393
0.301071 2.139801
0.302295 2.141896
0.303518 2.143696
0.304741 2.145214
0.305964 2.146468
0.307188 2.147472
0.308411 2.148242
0.309634 2.148793
0.310857 2.149140
0.312081 2.149299
0.313304 2.149284
0.314527 2.149109
0.315750 2.148791
0.316974 2.148342
0.318197 2.147777
0.319420 2.147111
0.320644 2.145841
0.321867 2.144321
0.323090 2.142891
0.324313 2.141549
0.325537 2.140293
0.326760 2.139119
0.327983 2.138024
0.329206 2.137007
0.330429 2.136065
0.331653 2.135195
0.332876 2.134395
0.334099 2.133664
0.335323 2.132998
0.336546 2.132397
0.337769 2.131858
0.338992 2.131380
0.340216 2.130962
0.341439 2.130602
0.342662 2.130299
0.343885 2.130052
0.345109 2.129862
0.346332 2.129726
0.347555 2.129644
0.348778 2.129617

0.348778 2.129617
0.350076 2.129648
0.351373 2.129739
0.352671 2.129891
0.353968 2.130103
0.355266 2.130375
0.356563 2.130705
0.357861 2.131094
0.359158 2.131540
0.360455 2.132041
0.361753 2.132597
0.363050 2.133206
0.364348 2.133866
0.365645 2.134575
0.366943 2.135332
0.368240 2.136134
0.369538 2.136980
0.370835 2.137866
0.372133 2.138791
0.373430 2.139751
0.374728 2.140744
0.376025 2.141767
0.377323 2.142817
0.378620 2.143890
0.379917 2.144985
0.381215 2.146097
0.382512 2.147222
0.383810 2.148359
0.385107 2.149501
0.386405 2.150647
0.387702 2.151792
0.389000 2.152933
0.390297 2.154065
0.391595 2.155184
0.392892 2.156287
0.394189 2.157369
0.395487 2.158427
0.396784 2.159454
0.398082 2.160449
0.399379 2.161406
0.400677 2.162320
0.401974 2.163188
0.403272 2.164005
0.404569 2.164767
0.405867 2.165469
0.407164 2.166106
0.408461 2.166675
0.409759 2.167170
0.411056 2.167588
0.412354 2.167923
0.413651 2.168171
0.414949 2.168328
0.416246 2.168389
0.417544 2.168350
0.418841 2.168207
0.420139 2.167954
0.421436 2.167588
0.422733 2.167105
0.424031 2.166499
0.425328 2.165766
0.426626 2.164903
0.427923 2.163906
0.429221 2.162769
0.430518 2.161489
0.431816 2.160062
0.433113 2.158484
0.434411 2.156751
0.435708 2.154858
0.437006 2.152803
0.438303 2.150581
0.439601 2.148189
0.440898 2.145623
0.442195 2.142879
0.443493 2.139953
0.444790 2.136844
0.446088 2.133546
0.447385 2.130057
0.448683 2.126373
0.449980 2.122492
0.451278 2.118410
0.452575 2.114124
0.453873 2.109632
0.455170 2.104930
0.456468 2.100015
0.457765 2.094886
0.459062 2.089539
0.460360 2.083972
0.461657 2.078182
0.462955 2.072168
0.464252 2.065926
0.465550 2.059455
0.466847 2.052753
0.468145 2.045817
0.469442 2.038646
0.470739 2.031238
0.472037 2.023591
0.473334 2.015703
0.474632 2.007574
0.475929 1.999201
0.477227 1.990583
0.478524 1.981719

0.478524 1.981719
0.479822 1.982082
0.481119 1.983153
0.482417 1.984873
0.483714 1.987156
0.485012 1.989897
0.486309 1.992985
0.487606 1.996313
0.488904 1.999849
0.490201 2.004606
0.491499 2.009893
0.492796 2.015701
0.494094 2.022020
0.495391 2.028839
0.496689 2.036146
0.497986 2.043929
0.499284 2.052175
0.500581 2.060870
0.501879 2.070000
0.503176 2.079551
0.504473 2.089506
0.505771 2.099851
0.507068 2.110570
0.508366 2.121647
0.509663 2.133065
0.510961 2.144807
0.512258 2.156857
0.513556 2.169198
0.514853 2.181813
0.516151 2.194684
0.517448 2.207795
0.518745 2.221129
0.520043 2.234669
0.521340 2.248397
0.522638 2.262297
0.523935 2.276352
0.525233 2.290545
0.526530 2.304861
0.527828 2.319282
0.529125 2.333793
0.530423 2.348377
0.531720 2.363020
0.533018 2.377706
0.534315 2.392419
0.535613 2.407146
0.536910 2.421870
0.538207 2.436578
0.539505 2.451256
0.540802 2.465890
0.542100 2.480466
0.543397 2.494971
0.544695 2.509392
0.545992 2.523717
0.547290 2.537932
0.548587 2.552027
0.549884 2.565989
0.551182 2.579806
0.552479 2.593468
0.553777 2.606964
0.555074 2.620282
0.556372 2.633413
0.557669 2.646347
0.558967 2.659073
0.560264 2.671582
0.561562 2.683865
0.562859 2.695913
0.564157 2.707717
0.565454 2.719270
0.566751 2.730562
0.568049 2.741586
0.569346 2.752334
0.570644 2.762799
0.571941 2.772974
0.573239 2.782853
0.574536 2.792428
0.575834 2.801693
0.577131 2.810642
0.578429 2.819270
0.579726 2.827571
0.581024 2.835539
0.582321 2.843170
0.583618 2.850459
0.584916 2.857402
0.586213 2.863993
0.587511 2.870229
0.588808 2.876106
0.590106 2.881621
0.591403 2.886770
0.592701 2.891549
0.593998 2.895957
0.595296 2.899991
0.596593 2.903648
0.597890 2.906925
0.599188 2.909822
0.600485 2.912336
0.601783 2.914465
0.603080 2.916209
0.604378 2.917567
0.605675 2.918537
0.606973 2.919119
0.608270 2.919314

0.608270 2.919314
0.609237 2.919118
0.610204 2.918532
0.611171 2.917556
0.612138 2.916190
0.613105 2.914434
0.614073 2.912289
0.615040 2.909756
0.616007 2.906836
0.616974 2.903529
0.617941 2.899837
0.618908 2.895761
0.619875 2.891302
0.620842 2.886463
0.621809 2.881244
0.622776 2.875648
0.623743 2.869676
0.624710 2.863331
0.625677 2.856615
0.626645 2.849530
0.627611 2.842080
0.628579 2.834266
0.629546 2.826092
0.630513 2.817562
0.631480 2.808678
0.632447 2.799443
0.633414 2.789863
0.634381 2.779940
0.635348 2.769679
0.636315 2.759083
0.637282 2.748159
0.638249 2.736910
0.639216 2.725342
0.640183 2.713459
0.641150 2.701269
0.642118 2.688775
0.643085 2.675986
0.644052 2.662907
0.645019 2.649544
0.645986 2.635906
0.646953 2.622000
0.647920 2.607834
0.648887 2.593416
0.649854 2.578755
0.650821 2.563860
0.651788 2.548741
0.652755 2.533408
0.653722 2.517872
0.654690 2.502144
0.655656 2.486235
0.656624 2.470158
0.657591 2.453926
0.658558 2.437552
0.659525 2.421051
0.660492 2.404437
0.661459 2.387725
0.662426 2.370932
0.663393 2.354073
0.664360 2.337167
0.665327 2.320231
0.666294 2.303284
0.667261 2.286344
0.668228 2.269430
0.669196 2.252562
0.670163 2.235761
0.671130 2.219046
0.672097 2.202438
0.673064 2.185957
0.674031 2.169624
0.674998 2.153457
0.675965 2.137478
0.676932 2.121703
0.677899 2.106152
0.678866 2.090843
0.679833 2.075790
0.680800 2.061010
0.681767 2.046516
0.682735 2.032320
0.683701 2.018435
0.684669 2.004869
0.685636 1.991631
0.686603 1.978727
0.687570 1.966162
0.688537 1.953942
0.689504 1.942068
0.690471 1.930541
0.691438 1.919362
0.692405 1.908532
0.693372 1.898047
0.694339 1.887906
0.695306 1.878107
0.696273 1.868647
0.697241 1.859523
0.698208 1.850731
0.699175 1.842268
0.700142 1.834131
0.701109 1.826318
0.702076 1.818825
0.703043 1.811651
0.704010 1.804795
0.704977 1.798255

0.704977 1.798255
0.706200 1.823482
0.707424 1.848106
0.708647 1.872128
0.709870 1.895548
0.711093 1.918366
0.712317 1.940581
0.713540 1.962193
0.714763 1.983203
0.715986 2.003609
0.717210 2.023412
0.718433 2.042611
0.719656 2.061207
0.720879 2.079200
0.722103 2.096589
0.723326 2.113376
0.724549 2.129560
0.725772 2.145144
0.726996 2.160127
0.728219 2.174511
0.729442 2.188298
0.730665 2.201488
0.731889 2.214085
0.733112 2.226091
0.734335 2.237507
0.735558 2.248337
0.736782 2.258583
0.738005 2.268249
0.739228 2.277339
0.740452 2.285856
0.741675 2.293805
0.742898 2.301189
0.744121 2.308015
0.745344 2.314286
0.746568 2.320008
0.747791 2.325186
0.749014 2.329828
0.750238 2.333938
0.751461 2.337523
0.752684 2.340590
0.753907 2.343146
0.755131 2.345198
0.756354 2.346754
0.757577 2.347821
0.758800 2.348408
0.760024 2.348524
0.761247 2.348176
0.762470 2.347373
0.763693 2.346125
0.764917 2.344440
0.766140 2.342329
0.767363 2.339801
0.768586 2.336865
0.769810 2.333533
0.771033 2.329814
0.772256 2.325718
0.773479 2.321256
0.774703 2.316440
0.775926 2.311279
0.777149 2.305784
0.778372 2.299968
0.779596 2.293840
0.780819 2.287413
0.782042 2.280697
0.783265 2.273704
0.784489 2.266446
0.785712 2.258934
0.786935 2.251180
0.788158 2.243195
0.789382 2.234992
0.790605 2.226582
0.791828 2.217977
0.793052 2.209189
0.794275 2.200231
0.795498 2.191116
0.796721 2.181855
0.797944 2.172463
0.799168 2.162953
0.800391 2.153338
0.801614 2.143635
0.802837 2.133859
0.804061 2.124028
0.805284 2.114159
0.806507 2.104275
0.807731 2.094397
0.808954 2.084553
0.810177 2.074773
0.811400 2.065091
0.812624 2.055549
0.813847 2.046196
0.815070 2.037090
0.816293 2.028301
0.817517 2.019911
0.818740 2.012019
0.819963 2.004740
0.821186 1.998205
0.822410 1.992560
0.823633 1.987955
0.824856 1.984538
0.826079 1.982431
0.827303 1.981719


0.000000 2.129617
0.001298 2.129648
0.002595 2.129739
0.003892 2.129891
0.005190 2.130103
0.006487 2.130375
0.007785 2.130706
0.009082 2.131094
0.010380 2.131540
0.011677 2.132041
0.012975 2.132597
0.014272 2.133206
0.015570 2.133866
0.016867 2.134575
0.018164 2.135332
0.019462 2.136134
0.020759 2.136980
0.022057 2.137866
0.023354 2.138791
0.024652 2.139751
0.025949 2.140744
0.027247 2.141767
0.028544 2.142817
0.029842 2.143890
0.031139 2.144985
0.032437 2.146097
0.033734 2.147222
0.035031 2.148359
0.036329 2.149501
0.037626 2.150647
0.038924 2.151792
0.040221 2.152933
0.041519 2.154065
0.042816 2.155185
0.044114 2.156287
0.045411 2.157369
0.046709 2.158427
0.048006 2.159455
0.049303 2.160449
0.050601 2.161406
0.051898 2.162320
0.053196 2.163188
0.054493 2.164005
0.055791 2.164767
0.057088 2.165469
0.058386 2.166106
0.059683 2.166675
0.060981 2.167170
0.062278 2.167588
0.063575 2.167923
0.064873 2.168171
0.066170 2.168328
0.067468 2.168389
0.068765 2.168350
0.070063 2.168207
0.071360 2.167954
0.072658 2.167588
0.073955 2.167105
0.075253 2.166499
0.076550 2.165766
0.077848 2.164903
0.079145 2.163906
0.080443 2.162769
0.081740 2.161489
0.083037 2.160062
0.084335 2.158484
0.085632 2.156751
0.086930 2.154858
0.088227 2.152803
0.089525 2.150581
0.090822 2.148189
0.092120 2.145623
0.093417 2.142879
0.094714 2.139953
0.096012 2.136844
0.097309 2.133546
0.098607 2.130057
0.099904 2.126373
0.101202 2.122492
0.102499 2.118410
0.103797 2.114124
0.105094 2.109632
0.106392 2.104930
0.107689 2.100015
0.108987 2.094886
0.110284 2.089539
0.111582 2.083972
0.112879 2.078182
0.114176 2.072168
0.115474 2.065926
0.116771 2.059455
0.118069 2.052753
0.119366 2.045817
0.120664 2.038646
0.121961 2.031238
0.123259 2.023591
0.124556 2.015704
0.125854 2.007574
0.127151 1.999201
0.128448 1.990583
0.129746 1.981719

0.129746 1.981719
0.130713 1.984858
0.131680 1.988259
0.132647 1.991883
0.133614 1.995686
0.134581 1.999622
0.135548 2.003689
0.136515 2.008105
0.137482 2.012727
0.138450 2.017553
0.139417 2.022578
0.140384 2.027799
0.141351 2.033210
0.142318 2.038809
0.143285 2.044590
0.144252 2.050548
0.145219 2.056680
0.146186 2.062979
0.147153 2.069442
0.148120 2.076063
0.149087 2.082837
0.150054 2.089758
0.151021 2.096821
0.151988 2.104020
0.152955 2.111351
0.153923 2.118807
0.154890 2.126383
0.155857 2.134073
0.156824 2.141871
0.157791 2.149771
0.158758 2.157768
0.159725 2.165856
0.160692 2.174029
0.161659 2.182280
0.162626 2.190605
0.163593 2.198996
0.164560 2.207449
0.165527 2.215958
0.166494 2.224515
0.167462 2.233116
0.168429 2.241755
0.169396 2.250426
0.170363 2.259123
0.171330 2.267841
0.172297 2.276573
0.173264 2.285314
0.174231 2.294059
0.175198 2.302801
0.176165 2.311536
0.177132 2.320258
0.178099 2.328961
0.179066 2.337640
0.180034 2.346289
0.181001 2.354905
0.181968 2.363480
0.182935 2.372011
0.183902 2.380492
0.184869 2.388918
0.185836 2.397285
0.186803 2.405587
0.187770 2.413819
0.188737 2.421978
0.189704 2.430058
0.190671 2.438055
0.191638 2.445964
0.192605 2.453781
0.193572 2.461502
0.194540 2.469122
0.195507 2.476638
0.196474 2.484045
0.197441 2.491339
0.198408 2.498516
0.199375 2.505573
0.200342 2.512505
0.201309 2.519309
0.202276 2.525982
0.203243 2.532520
0.204210 2.538919
0.205177 2.545176
0.206144 2.551288
0.207111 2.557251
0.208078 2.563062
0.209045 2.568720
0.210013 2.574219
0.210980 2.579558
0.211947 2.584733
0.212914 2.589743
0.213881 2.594584
0.214848 2.599253
0.215815 2.603749
0.216782 2.608068
0.217749 2.612209
0.218716 2.616169
0.219683 2.619946
0.220650 2.623538
0.221617 2.626942
0.222584 2.630157
0.223552 2.633182
0.224519 2.636013
0.225486 2.638649
0.226453 2.641089

0.226453 2.641089
0.227676 2.631698
0.228899 2.622258
0.230123 2.612777
0.231346 2.603262
0.232569 2.593719
0.233792 2.584155
0.235016 2.574577
0.236239 2.564993
0.237462 2.555408
0.238685 2.545829
0.239909 2.536264
0.241132 2.526718
0.242355 2.517199
0.243578 2.507713
0.244802 2.498267
0.246025 2.488866
0.247248 2.479517
0.248471 2.470226
0.249695 2.460999
0.250918 2.451842
0.252141 2.442762
0.253364 2.433762
0.254588 2.424850
0.255811 2.416029
0.257034 2.407307
0.258257 2.398686
0.259481 2.390173
0.260704 2.381772
0.261927 2.373487
0.263151 2.365323
0.264374 2.357283
0.265597 2.349372
0.266820 2.341593
0.268043 2.333950
0.269267 2.326445
0.270490 2.319082
0.271713 2.311863
0.272937 2.304791
0.274160 2.297869
0.275383 2.291098
0.276606 2.284479
0.277830 2.278016
0.279053 2.271708
0.280276 2.265557
0.281499 2.259565
0.282723 2.253730
0.283946 2.248055
0.285169 2.242539
0.286392 2.237182
0.287616 2.231983
0.288839 2.226943
0.290062 2.222061
0.291285 2.217335
0.292509 2.212765
0.293732 2.208349
0.294955 2.204086
0.296178 2.199975
0.297402 2.196013
0.298625 2.192198
0.299848 2.188529
0.301071 2.185003
0.302295 2.181617
0.303518 2.178370
0.304741 2.175259
0.305964 2.172280
0.307188 2.169432
0.308411 2.166711
0.309634 2.164114
0.310857 2.161639
0.312081 2.159282
0.313304 2.157041
0.314527 2.154912
0.315750 2.152892
0.316974 2.150978
0.318197 2.149167
0.319420 2.147455
0.320644 2.146355
0.321867 2.145525
0.323090 2.144632
0.324313 2.143689
0.325537 2.142708
0.326760 2.141702
0.327983 2.140682
0.329206 2.139657
0.330429 2.138640
0.331653 2.137640
0.332876 2.136666
0.334099 2.135728
0.335323 2.134832
0.336546 2.133988
0.337769 2.133203
0.338992 2.132482
0.340216 2.131832
0.341439 2.131258
0.342662 2.130765
0.343885 2.130356
0.345109 2.130035
0.346332 2.129803
0.347555 2.129664
0.348778 2.129617

0.348778 2.129617
0.350076 2.129648
0.351373 2.129739
0.352671 2.129891
0.353968 2.130103
0.355266 2.130375
0.356563 2.130705
0.357861 2.131094
0.359158 2.131540
0.360455 2.132041
0.361753 2.132597
0.363050 2.133206
0.364348 2.133866
0.365645 2.134575
0.366943 2.135332
0.368240 2.136134
0.369538 2.136980
0.370835 2.137866
0.372133 2.138791
0.373430 2.139751
0.374728 2.140744
0.376025 2.141767
0.377323 2.142817
0.378620 2.143890
0.379917 2.144985
0.381215 2.146097
0.382512 2.147222
0.383810 2.148359
0.385107 2.149501
0.386405 2.150647
0.387702 2.151792
0.389000 2.152933
0.390297 2.154065
0.391595 2.155184
0.392892 2.156287
0.394189 2.157369
0.395487 2.158427
0.396784 2.159454
0.398082 2.160449
0.399379 2.161406
0.400677 2.162320
0.401974 2.163188
0.403272 2.164005
0.404569 2.164767
0.405867 2.165469
0.407164 2.166106
0.408461 2.166675
0.409759 2.167170
0.411056 2.167588
0.412354 2.167923
0.413651 2.168171
0.414949 2.168328
0.416246 2.168389
0.417544 2.168350
0.418841 2.168207
0.420139 2.167954
0.421436 2.167588
0.422733 2.167105
0.424031 2.166499
0.425328 2.165766
0.426626 2.164903
0.427923 2.163906
0.429221 2.162769
0.430518 2.161489
0.431816 2.160062
0.433113 2.158484
0.434411 2.156751
0.435708 2.154858
0.437006 2.152803
0.438303 2.150581
0.439601 2.148189
0.440898 2.145623
0.442195 2.142879
0.443493 2.139953
0.444790 2.136844
0.446088 2.133546
0.447385 2.130057
0.448683 2.126373
0.449980 2.122492
0.451278 2.118410
0.452575 2.114124
0.453873 2.109632
0.455170 2.104930
0.456468 2.100015
0.457765 2.094886
0.459062 2.089539
0.460360 2.083972
0.461657 2.078182
0.462955 2.072168
0.464252 2.065926
0.465550 2.059455
0.466847 2.052753
0.468145 2.045817
0.469442 2.038646
0.470739 2.031238
0.472037 2.023591
0.473334 2.015703
0.474632 2.007574
0.475929 1.999201
0.477227 1.990583
0.478524 1.981719

0.478524 1.981719
0.479822 1.982082
0.481119 1.983153
0.482417 1.984873
0.483714 1.987156
0.485012 1.989897
0.486309 1.992985
0.487606 1.996313
0.488904 1.999849
0.490201 2.004606
0.491499 2.009893
0.492796 2.015701
0.494094 2.022020
0.495391 2.028839
0.496689 2.036146
0.497986 2.043929
0.499284 2.052175
0.500581 2.060870
0.501879 2.070000
0.503176 2.079551
0.504473 2.089506
0.505771 2.099851
0.507068 2.110570
0.508366 2.121647
0.509663 2.133065
0.510961 2.144807
0.512258 2.156857
0.513556 2.169198
0.514853 2.181813
0.516151 2.194684
0.517448 2.207795
0.518745 2.221129
0.520043 2.234669
0.521340 2.248397
0.522638 2.262297
0.523935 2.276352
0.525233 2.290545
0.526530 2.304861
0.527828 2.319282
0.529125 2.333793
0.530423 2.348377
0.531720 2.363020
0.533018 2.377706
0.534315 2.392419
0.535613 2.407146
0.536910 2.421870
0.538207 2.436578
0.539505 2.451256
0.540802 2.465890
0.542100 2.480466
0.543397 2.494971
0.544695 2.509392
0.545992 2.523717
0.547290 2.537932
0.548587 2.552027
0.549884 2.565989
0.551182 2.579806
0.552479 2.593468
0.553777 2.606964
0.555074 2.620282
0.556372 2.633413
0.557669 2.646347
0.558967 2.659073
0.560264 2.671582
0.561562 2.683865
0.562859 2.695913
0.564157 2.707717
0.565454 2.719270
0.566751 2.730562
0.568049 2.741586
0.569346 2.752334
0.570644 2.762799
0.571941 2.772974
0.573239 2.782853
0.574536 2.792428
0.575834 2.801693
0.577131 2.810642
0.578429 2.819270
0.579726 2.827571
0.581024 2.835539
0.582321 2.843170
0.583618 2.850459
0.584916 2.857402
0.586213 2.863993
0.587511 2.870229
0.588808 2.876106
0.590106 2.881621
0.591403 2.886770
0.592701 2.891549
0.593998 2.895957
0.595296 2.899991
0.596593 2.903648
0.597890 2.906925
0.599188 2.909822
0.600485 2.912336
0.601783 2.914465
0.603080 2.916209
0.604378 2.917567
0.605675 2.918537
0.606973 2.919119
0.608270 2.919314

0.608270 2.919314
0.609237 2.919118
0.610204 2.918532
0.611171 2.917556
0.612138 2.916190
0.613105 2.914434
0.614073 2.912289
0.615040 2.909756
0.616007 2.906836
0.616974 2.903529
0.617941 2.899837
0.618908 2.895761
0.619875 2.891302
0.620842 2.886463
0.621809 2.881244
0.622776 2.875648
0.623743 2.869676
0.624710 2.863331
0.625677 2.856615
0.626645 2.849530
0.627611 2.842080
0.628579 2.834266
0.629546 2.826092
0.630513 2.817562
0.631480 2.808678
0.632447 2.799443
0.633414 2.789863
0.634381 2.779940
0.635348 2.769679
0.636315 2.759083
0.637282 2.748159
0.638249 2.736910
0.639216 2.725342
0.640183 2.713459
0.641150 2.701269
0.642118 2.688775
0.643085 2.675986
0.644052 2.662907
0.645019 2.649544
0.645986 2.635906
0.646953 2.622000
0.647920 2.607834
0.648887 2.593416
0.649854 2.578755
0.650821 2.563860
0.651788 2.548741
0.652755 2.533408
0.653722 2.517872
0.654690 2.502144
0.655656 2.486235
0.656624 2.470158
0.657591 2.453926
0.658558 2.437552
0.659525 2.421051
0.660492 2.404437
0.661459 2.387725
0.662426 2.370932
0.663393 2.354073
0.664360 2.337167
0.665327 2.320231
0.666294 2.303284
0.667261 2.286344
0.668228 2.269430
0.669196 2.252562
0.670163 2.235761
0.671130 2.219046
0.672097 2.202438
0.673064 2.185957
0.674031 2.169624
0.674998 2.153457
0.675965 2.137478
0.676932 2.121703
0.677899 2.106152
0.678866 2.090843
0.679833 2.075790
0.680800 2.061010
0.681767 2.046516
0.682735 2.032320
0.683701 2.018435
0.684669 2.004869
0.685636 1.991631
0.686603 1.978727
0.687570 1.966162
0.688537 1.953942
0.689504 1.942068
0.690471 1.930541
0.691438 1.919363
0.692405 1.908532
0.693372 1.898047
0.694339 1.887906
0.695306 1.878107
0.696273 1.868647
0.697241 1.859523
0.698208 1.850731
0.699175 1.842268
0.700142 1.834131
0.701109 1.826318
0.702076 1.818825
0.703043 1.811651
0.704010 1.804795
0.704977 1.798255

0.704977 1.798255
0.706200 1.823482
0.707424 1.848106
0.708647 1.872128
0.709870 1.895548
0.711093 1.918366
0.712317 1.940581
0.713540 1.962193
0.714763 1.983203
0.715986 2.003609
0.717210 2.023412
0.718433 2.042611
0.719656 2.061207
0.720879 2.079200
0.722103 2.096589
0.723326 2.113376
0.724549 2.129560
0.725772 2.145144
0.726996 2.160127
0.728219 2.174511
0.729442 2.188298
0.730665 2.201489
0.731889 2.214086
0.733112 2.226091
0.734335 2.237507
0.735558 2.248337
0.736782 2.258583
0.738005 2.268249
0.739228 2.277339
0.740452 2.285856
0.741675 2.293805
0.742898 2.301189
0.744121 2.308015
0.745344 2.314286
0.746568 2.320008
0.747791 2.325187
0.749014 2.329828
0.750238 2.333938
0.751461 2.337523
0.752684 2.340590
0.753907 2.343146
0.755131 2.345198
0.756354 2.346754
0.757577 2.347821
0.758800 2.348408
0.760024 2.348524
0.761247 2.348176
0.762470 2.347373
0.763693 2.346125
0.764917 2.344440
0.766140 2.342329
0.767363 2.339801
0.768586 2.336866
0.769810 2.333533
0.771033 2.329814
0.772256 2.325718
0.773479 2.321256
0.774703 2.316440
0.775926 2.311279
0.777149 2.305784
0.778372 2.299968
0.779596 2.293840
0.780819 2.287413
0.782042 2.280697
0.783265 2.273705
0.784489 2.266446
0.785712 2.258934
0.786935 2.251180
0.788158 2.243195
0.789382 2.234992
0.790605 2.226582
0.791828 2.217977
0.793052 2.209189
0.794275 2.200232
0.795498 2.191116
0.796721 2.181855
0.797944 2.172463
0.799168 2.162953
0.800391 2.153338
0.801614 2.143635
0.802837 2.133859
0.804061 2.124028
0.805284 2.114159
0.806507 2.104275
0.807731 2.094397
0.808954 2.084553
0.810177 2.074773
0.811400 2.065091
0.812624 2.055549
0.813847 2.046196
0.815070 2.037090
0.816293 2.028301
0.817517 2.019911
0.818740 2.012019
0.819963 2.004740
0.821186 1.998205
0.822410 1.992560
0.823633 1.987956
0.824856 1.984538
0.826079 1.982431
0.827303 1.981719


