   1  128
1 1
     2.696480033000000    -0.000000000000000    -0.000000000000000
    -0.000000000000000     2.696480033000000    -0.000000000000000
    -0.000000000000000    -0.000000000000000     2.696480033000000
1 2
     0.790203533000000    -0.000000000000000    -0.000000000000000
    -0.000000000000000    -0.206031967000000    -0.000000000000000
    -0.000000000000000    -0.000000000000000    -0.206031967000000
1 3
    -0.469530967000000    -0.000000000000000    -0.000000000000000
    -0.000000000000000     0.003571923000000    -0.000000000000000
    -0.000000000000000    -0.000000000000000     0.003571923000000
1 4
     0.790203533000000    -0.000000000000000    -0.000000000000000
    -0.000000000000000    -0.206031967000000    -0.000000000000000
    -0.000000000000000    -0.000000000000000    -0.206031967000000
1 5
    -0.206031967000000    -0.000000000000000    -0.000000000000000
    -0.000000000000000     0.790203533000000    -0.000000000000000
    -0.000000000000000    -0.000000000000000    -0.206031967000000
1 6
    -0.050173917000000    -0.141815000000000    -0.000000000000000
    -0.141815000000000    -0.050173917000000    -0.000000000000000
    -0.000000000000000    -0.000000000000000    -0.000570133000000
1 7
     0.000000033000000    -0.000000000000000    -0.000000000000000
    -0.000000000000000     0.000000033000000    -0.000000000000000
    -0.000000000000000    -0.000000000000000     0.000000033000000
1 8
    -0.050173917000000     0.141815000000000    -0.000000000000000
     0.141815000000000    -0.050173917000000    -0.000000000000000
    -0.000000000000000    -0.000000000000000    -0.000570133000000
1 9
     0.003571923000000    -0.000000000000000    -0.000000000000000
    -0.000000000000000    -0.469530967000000    -0.000000000000000
    -0.000000000000000    -0.000000000000000     0.003571923000000
1 10
     0.000000033000000    -0.000000000000000    -0.000000000000000
    -0.000000000000000     0.000000033000000    -0.000000000000000
    -0.000000000000000    -0.000000000000000     0.000000033000000
1 11
     0.000000033000000    -0.000000000000000    -0.000000000000000
    -0.000000000000000     0.000000033000000    -0.000000000000000
    -0.000000000000000    -0.000000000000000     0.000000033000000
1 12
     0.000000033000000    -0.000000000000000    -0.000000000000000
    -0.000000000000000     0.000000033000000    -0.000000000000000
    -0.000000000000000    -0.000000000000000     0.000000033000000
1 13
    -0.206031967000000    -0.000000000000000    -0.000000000000000
    -0.000000000000000     0.790203533000000    -0.000000000000000
    -0.000000000000000    -0.000000000000000    -0.206031967000000
1 14
    -0.050173917000000     0.141815000000000    -0.000000000000000
     0.141815000000000    -0.050173917000000    -0.000000000000000
    -0.000000000000000    -0.000000000000000    -0.000570133000000
1 15
     0.000000033000000    -0.000000000000000    -0.000000000000000
    -0.000000000000000     0.000000033000000    -0.000000000000000
    -0.000000000000000    -0.000000000000000     0.000000033000000
1 16
    -0.050173917000000    -0.141815000000000    -0.000000000000000
    -0.141815000000000    -0.050173917000000    -0.000000000000000
    -0.000000000000000    -0.000000000000000    -0.000570133000000
1 17
    -0.206031967000000    -0.000000000000000    -0.000000000000000
    -0.000000000000000    -0.206031967000000    -0.000000000000000
    -0.000000000000000    -0.000000000000000     0.790203533000000
1 18
    -0.050173917000000    -0.000000000000000    -0.141815000000000
    -0.000000000000000    -0.000570133000000    -0.000000000000000
    -0.141815000000000    -0.000000000000000    -0.050173917000000
1 19
     0.000000033000000    -0.000000000000000    -0.000000000000000
    -0.000000000000000     0.000000033000000    -0.000000000000000
    -0.000000000000000    -0.000000000000000     0.000000033000000
1 20
    -0.050173917000000    -0.000000000000000     0.141815000000000
    -0.000000000000000    -0.000570133000000    -0.000000000000000
     0.141815000000000    -0.000000000000000    -0.050173917000000
1 21
    -0.000570133000000    -0.000000000000000    -0.000000000000000
    -0.000000000000000    -0.050173917000000    -0.141815000000000
    -0.000000000000000    -0.141815000000000    -0.050173917000000
1 22
     0.013347233000000    -0.020415350000000    -0.020415350000000
    -0.020415350000000     0.013347233000000    -0.020415350000000
    -0.020415350000000    -0.020415350000000     0.013347233000000
1 23
     0.000000033000000    -0.000000000000000    -0.000000000000000
    -0.000000000000000     0.000000033000000    -0.000000000000000
    -0.000000000000000    -0.000000000000000     0.000000033000000
1 24
     0.013347233000000     0.020415350000000     0.020415350000000
     0.020415350000000     0.013347233000000    -0.020415350000000
     0.020415350000000    -0.020415350000000     0.013347233000000
1 25
     0.000000033000000    -0.000000000000000    -0.000000000000000
    -0.000000000000000     0.000000033000000    -0.000000000000000
    -0.000000000000000    -0.000000000000000     0.000000033000000
1 26
     0.000000033000000    -0.000000000000000    -0.000000000000000
    -0.000000000000000     0.000000033000000    -0.000000000000000
    -0.000000000000000    -0.000000000000000     0.000000033000000
1 27
     0.000000033000000    -0.000000000000000    -0.000000000000000
    -0.000000000000000     0.000000033000000    -0.000000000000000
    -0.000000000000000    -0.000000000000000     0.000000033000000
1 28
     0.000000033000000    -0.000000000000000    -0.000000000000000
    -0.000000000000000     0.000000033000000    -0.000000000000000
    -0.000000000000000    -0.000000000000000     0.000000033000000
1 29
    -0.000570133000000    -0.000000000000000    -0.000000000000000
    -0.000000000000000    -0.050173917000000     0.141815000000000
    -0.000000000000000     0.141815000000000    -0.050173917000000
1 30
     0.013347233000000     0.020415350000000    -0.020415350000000
     0.020415350000000     0.013347233000000     0.020415350000000
    -0.020415350000000     0.020415350000000     0.013347233000000
1 31
     0.000000033000000    -0.000000000000000    -0.000000000000000
    -0.000000000000000     0.000000033000000    -0.000000000000000
    -0.000000000000000    -0.000000000000000     0.000000033000000
1 32
     0.013347233000000    -0.020415350000000     0.020415350000000
    -0.020415350000000     0.013347233000000     0.020415350000000
     0.020415350000000     0.020415350000000     0.013347233000000
1 33
     0.003571923000000    -0.000000000000000    -0.000000000000000
    -0.000000000000000     0.003571923000000    -0.000000000000000
    -0.000000000000000    -0.000000000000000    -0.469530967000000
1 34
     0.000000033000000    -0.000000000000000    -0.000000000000000
    -0.000000000000000     0.000000033000000    -0.000000000000000
    -0.000000000000000    -0.000000000000000     0.000000033000000
1 35
     0.000000033000000    -0.000000000000000    -0.000000000000000
    -0.000000000000000     0.000000033000000    -0.000000000000000
    -0.000000000000000    -0.000000000000000     0.000000033000000
1 36
     0.000000033000000    -0.000000000000000    -0.000000000000000
    -0.000000000000000     0.000000033000000    -0.000000000000000
    -0.000000000000000    -0.000000000000000     0.000000033000000
1 37
     0.000000033000000    -0.000000000000000    -0.000000000000000
    -0.000000000000000     0.000000033000000    -0.000000000000000
    -0.000000000000000    -0.000000000000000     0.000000033000000
1 38
     0.000000033000000    -0.000000000000000    -0.000000000000000
    -0.000000000000000     0.000000033000000    -0.000000000000000
    -0.000000000000000    -0.000000000000000     0.000000033000000
1 39
     0.000000033000000    -0.000000000000000    -0.000000000000000
    -0.000000000000000     0.000000033000000    -0.000000000000000
    -0.000000000000000    -0.000000000000000     0.000000033000000
1 40
     0.000000033000000    -0.000000000000000    -0.000000000000000
    -0.000000000000000     0.000000033000000    -0.000000000000000
    -0.000000000000000    -0.000000000000000     0.000000033000000
1 41
     0.000000033000000    -0.000000000000000    -0.000000000000000
    -0.000000000000000     0.000000033000000    -0.000000000000000
    -0.000000000000000    -0.000000000000000     0.000000033000000
1 42
     0.000000033000000    -0.000000000000000    -0.000000000000000
    -0.000000000000000     0.000000033000000    -0.000000000000000
    -0.000000000000000    -0.000000000000000     0.000000033000000
1 43
     0.000000033000000    -0.000000000000000    -0.000000000000000
    -0.000000000000000     0.000000033000000    -0.000000000000000
    -0.000000000000000    -0.000000000000000     0.000000033000000
1 44
     0.000000033000000    -0.000000000000000    -0.000000000000000
    -0.000000000000000     0.000000033000000    -0.000000000000000
    -0.000000000000000    -0.000000000000000     0.000000033000000
1 45
     0.000000033000000    -0.000000000000000    -0.000000000000000
    -0.000000000000000     0.000000033000000    -0.000000000000000
    -0.000000000000000    -0.000000000000000     0.000000033000000
1 46
     0.000000033000000    -0.000000000000000    -0.000000000000000
    -0.000000000000000     0.000000033000000    -0.000000000000000
    -0.000000000000000    -0.000000000000000     0.000000033000000
1 47
     0.000000033000000    -0.000000000000000    -0.000000000000000
    -0.000000000000000     0.000000033000000    -0.000000000000000
    -0.000000000000000    -0.000000000000000     0.000000033000000
1 48
     0.000000033000000    -0.000000000000000    -0.000000000000000
    -0.000000000000000     0.000000033000000    -0.000000000000000
    -0.000000000000000    -0.000000000000000     0.000000033000000
1 49
    -0.206031967000000    -0.000000000000000    -0.000000000000000
    -0.000000000000000    -0.206031967000000    -0.000000000000000
    -0.000000000000000    -0.000000000000000     0.790203533000000
1 50
    -0.050173917000000    -0.000000000000000     0.141815000000000
    -0.000000000000000    -0.000570133000000    -0.000000000000000
     0.141815000000000    -0.000000000000000    -0.050173917000000
1 51
     0.000000033000000    -0.000000000000000    -0.000000000000000
    -0.000000000000000     0.000000033000000    -0.000000000000000
    -0.000000000000000    -0.000000000000000     0.000000033000000
1 52
    -0.050173917000000    -0.000000000000000    -0.141815000000000
    -0.000000000000000    -0.000570133000000    -0.000000000000000
    -0.141815000000000    -0.000000000000000    -0.050173917000000
1 53
    -0.000570133000000    -0.000000000000000    -0.000000000000000
    -0.000000000000000    -0.050173917000000     0.141815000000000
    -0.000000000000000     0.141815000000000    -0.050173917000000
1 54
     0.013347233000000    -0.020415350000000     0.020415350000000
    -0.020415350000000     0.013347233000000     0.020415350000000
     0.020415350000000     0.020415350000000     0.013347233000000
1 55
     0.000000033000000    -0.000000000000000    -0.000000000000000
    -0.000000000000000     0.000000033000000    -0.000000000000000
    -0.000000000000000    -0.000000000000000     0.000000033000000
1 56
     0.013347233000000     0.020415350000000    -0.020415350000000
     0.020415350000000     0.013347233000000     0.020415350000000
    -0.020415350000000     0.020415350000000     0.013347233000000
1 57
     0.000000033000000    -0.000000000000000    -0.000000000000000
    -0.000000000000000     0.000000033000000    -0.000000000000000
    -0.000000000000000    -0.000000000000000     0.000000033000000
1 58
     0.000000033000000    -0.000000000000000    -0.000000000000000
    -0.000000000000000     0.000000033000000    -0.000000000000000
    -0.000000000000000    -0.000000000000000     0.000000033000000
1 59
     0.000000033000000    -0.000000000000000    -0.000000000000000
    -0.000000000000000     0.000000033000000    -0.000000000000000
    -0.000000000000000    -0.000000000000000     0.000000033000000
1 60
     0.000000033000000    -0.000000000000000    -0.000000000000000
    -0.000000000000000     0.000000033000000    -0.000000000000000
    -0.000000000000000    -0.000000000000000     0.000000033000000
1 61
    -0.000570133000000    -0.000000000000000    -0.000000000000000
    -0.000000000000000    -0.050173917000000    -0.141815000000000
    -0.000000000000000    -0.141815000000000    -0.050173917000000
1 62
     0.013347233000000     0.020415350000000     0.020415350000000
     0.020415350000000     0.013347233000000    -0.020415350000000
     0.020415350000000    -0.020415350000000     0.013347233000000
1 63
     0.000000033000000    -0.000000000000000    -0.000000000000000
    -0.000000000000000     0.000000033000000    -0.000000000000000
    -0.000000000000000    -0.000000000000000     0.000000033000000
1 64
     0.013347233000000    -0.020415350000000    -0.020415350000000
    -0.020415350000000     0.013347233000000    -0.020415350000000
    -0.020415350000000    -0.020415350000000     0.013347233000000
1 65
    -0.342337467000000    -0.483262000000000    -0.483262000000000
    -0.483262000000000    -0.342337467000000    -0.483262000000000
    -0.483262000000000    -0.483262000000000    -0.342337467000000
1 66
    -0.013066567000000    -0.027075100000000    -0.027075100000000
    -0.032708100000000     0.009359503000000     0.007308965000000
    -0.032708100000000     0.007308965000000     0.009359503000000
1 67
    -0.013066567000000     0.027075100000000     0.027075100000000
     0.032708100000000     0.009359503000000     0.007308965000000
     0.032708100000000     0.007308965000000     0.009359503000000
1 68
    -0.342337467000000     0.483262000000000     0.483262000000000
     0.483262000000000    -0.342337467000000    -0.483262000000000
     0.483262000000000    -0.483262000000000    -0.342337467000000
1 69
     0.009359503000000    -0.032708100000000     0.007308965000000
    -0.027075100000000    -0.013066567000000    -0.027075100000000
     0.007308965000000    -0.032708100000000     0.009359503000000
1 70
     0.000000033000000    -0.000000000000000    -0.000000000000000
    -0.000000000000000     0.000000033000000    -0.000000000000000
    -0.000000000000000    -0.000000000000000     0.000000033000000
1 71
     0.000000033000000    -0.000000000000000    -0.000000000000000
    -0.000000000000000     0.000000033000000    -0.000000000000000
    -0.000000000000000    -0.000000000000000     0.000000033000000
1 72
     0.009359503000000     0.032708100000000    -0.007308965000000
     0.027075100000000    -0.013066567000000    -0.027075100000000
    -0.007308965000000    -0.032708100000000     0.009359503000000
1 73
     0.009359503000000     0.032708100000000     0.007308965000000
     0.027075100000000    -0.013066567000000     0.027075100000000
     0.007308965000000     0.032708100000000     0.009359503000000
1 74
     0.000000033000000    -0.000000000000000    -0.000000000000000
    -0.000000000000000     0.000000033000000    -0.000000000000000
    -0.000000000000000    -0.000000000000000     0.000000033000000
1 75
     0.000000033000000    -0.000000000000000    -0.000000000000000
    -0.000000000000000     0.000000033000000    -0.000000000000000
    -0.000000000000000    -0.000000000000000     0.000000033000000
1 76
     0.009359503000000    -0.032708100000000    -0.007308965000000
    -0.027075100000000    -0.013066567000000     0.027075100000000
    -0.007308965000000     0.032708100000000     0.009359503000000
1 77
    -0.342337467000000     0.483262000000000    -0.483262000000000
     0.483262000000000    -0.342337467000000     0.483262000000000
    -0.483262000000000     0.483262000000000    -0.342337467000000
1 78
    -0.013066567000000     0.027075100000000    -0.027075100000000
     0.032708100000000     0.009359503000000    -0.007308965000000
    -0.032708100000000    -0.007308965000000     0.009359503000000
1 79
    -0.013066567000000    -0.027075100000000     0.027075100000000
    -0.032708100000000     0.009359503000000    -0.007308965000000
     0.032708100000000    -0.007308965000000     0.009359503000000
1 80
    -0.342337467000000    -0.483262000000000     0.483262000000000
    -0.483262000000000    -0.342337467000000     0.483262000000000
     0.483262000000000     0.483262000000000    -0.342337467000000
1 81
     0.009359503000000     0.007308965000000    -0.032708100000000
     0.007308965000000     0.009359503000000    -0.032708100000000
    -0.027075100000000    -0.027075100000000    -0.013066567000000
1 82
     0.000000033000000    -0.000000000000000    -0.000000000000000
    -0.000000000000000     0.000000033000000    -0.000000000000000
    -0.000000000000000    -0.000000000000000     0.000000033000000
1 83
     0.000000033000000    -0.000000000000000    -0.000000000000000
    -0.000000000000000     0.000000033000000    -0.000000000000000
    -0.000000000000000    -0.000000000000000     0.000000033000000
1 84
     0.009359503000000    -0.007308965000000     0.032708100000000
    -0.007308965000000     0.009359503000000    -0.032708100000000
     0.027075100000000    -0.027075100000000    -0.013066567000000
1 85
     0.000000033000000    -0.000000000000000    -0.000000000000000
    -0.000000000000000     0.000000033000000    -0.000000000000000
    -0.000000000000000    -0.000000000000000     0.000000033000000
1 86
     0.000000033000000    -0.000000000000000    -0.000000000000000
    -0.000000000000000     0.000000033000000    -0.000000000000000
    -0.000000000000000    -0.000000000000000     0.000000033000000
1 87
     0.000000033000000    -0.000000000000000    -0.000000000000000
    -0.000000000000000     0.000000033000000    -0.000000000000000
    -0.000000000000000    -0.000000000000000     0.000000033000000
1 88
     0.000000033000000    -0.000000000000000    -0.000000000000000
    -0.000000000000000     0.000000033000000    -0.000000000000000
    -0.000000000000000    -0.000000000000000     0.000000033000000
1 89
     0.000000033000000    -0.000000000000000    -0.000000000000000
    -0.000000000000000     0.000000033000000    -0.000000000000000
    -0.000000000000000    -0.000000000000000     0.000000033000000
1 90
     0.000000033000000    -0.000000000000000    -0.000000000000000
    -0.000000000000000     0.000000033000000    -0.000000000000000
    -0.000000000000000    -0.000000000000000     0.000000033000000
1 91
     0.000000033000000    -0.000000000000000    -0.000000000000000
    -0.000000000000000     0.000000033000000    -0.000000000000000
    -0.000000000000000    -0.000000000000000     0.000000033000000
1 92
     0.000000033000000    -0.000000000000000    -0.000000000000000
    -0.000000000000000     0.000000033000000    -0.000000000000000
    -0.000000000000000    -0.000000000000000     0.000000033000000
1 93
     0.009359503000000    -0.007308965000000    -0.032708100000000
    -0.007308965000000     0.009359503000000     0.032708100000000
    -0.027075100000000     0.027075100000000    -0.013066567000000
1 94
     0.000000033000000    -0.000000000000000    -0.000000000000000
    -0.000000000000000     0.000000033000000    -0.000000000000000
    -0.000000000000000    -0.000000000000000     0.000000033000000
1 95
     0.000000033000000    -0.000000000000000    -0.000000000000000
    -0.000000000000000     0.000000033000000    -0.000000000000000
    -0.000000000000000    -0.000000000000000     0.000000033000000
1 96
     0.009359503000000     0.007308965000000     0.032708100000000
     0.007308965000000     0.009359503000000     0.032708100000000
     0.027075100000000     0.027075100000000    -0.013066567000000
1 97
     0.009359503000000     0.007308965000000     0.032708100000000
     0.007308965000000     0.009359503000000     0.032708100000000
     0.027075100000000     0.027075100000000    -0.013066567000000
1 98
     0.000000033000000    -0.000000000000000    -0.000000000000000
    -0.000000000000000     0.000000033000000    -0.000000000000000
    -0.000000000000000    -0.000000000000000     0.000000033000000
1 99
     0.000000033000000    -0.000000000000000    -0.000000000000000
    -0.000000000000000     0.000000033000000    -0.000000000000000
    -0.000000000000000    -0.000000000000000     0.000000033000000
1 100
     0.009359503000000    -0.007308965000000    -0.032708100000000
    -0.007308965000000     0.009359503000000     0.032708100000000
    -0.027075100000000     0.027075100000000    -0.013066567000000
1 101
     0.000000033000000    -0.000000000000000    -0.000000000000000
    -0.000000000000000     0.000000033000000    -0.000000000000000
    -0.000000000000000    -0.000000000000000     0.000000033000000
1 102
     0.000000033000000    -0.000000000000000    -0.000000000000000
    -0.000000000000000     0.000000033000000    -0.000000000000000
    -0.000000000000000    -0.000000000000000     0.000000033000000
1 103
     0.000000033000000    -0.000000000000000    -0.000000000000000
    -0.000000000000000     0.000000033000000    -0.000000000000000
    -0.000000000000000    -0.000000000000000     0.000000033000000
1 104
     0.000000033000000    -0.000000000000000    -0.000000000000000
    -0.000000000000000     0.000000033000000    -0.000000000000000
    -0.000000000000000    -0.000000000000000     0.000000033000000
1 105
     0.000000033000000    -0.000000000000000    -0.000000000000000
    -0.000000000000000     0.000000033000000    -0.000000000000000
    -0.000000000000000    -0.000000000000000     0.000000033000000
1 106
     0.000000033000000    -0.000000000000000    -0.000000000000000
    -0.000000000000000     0.000000033000000    -0.000000000000000
    -0.000000000000000    -0.000000000000000     0.000000033000000
1 107
     0.000000033000000    -0.000000000000000    -0.000000000000000
    -0.000000000000000     0.000000033000000    -0.000000000000000
    -0.000000000000000    -0.000000000000000     0.000000033000000
1 108
     0.000000033000000    -0.000000000000000    -0.000000000000000
    -0.000000000000000     0.000000033000000    -0.000000000000000
    -0.000000000000000    -0.000000000000000     0.000000033000000
1 109
     0.009359503000000    -0.007308965000000     0.032708100000000
    -0.007308965000000     0.009359503000000    -0.032708100000000
     0.027075100000000    -0.027075100000000    -0.013066567000000
1 110
     0.000000033000000    -0.000000000000000    -0.000000000000000
    -0.000000000000000     0.000000033000000    -0.000000000000000
    -0.000000000000000    -0.000000000000000     0.000000033000000
1 111
     0.000000033000000    -0.000000000000000    -0.000000000000000
    -0.000000000000000     0.000000033000000    -0.000000000000000
    -0.000000000000000    -0.000000000000000     0.000000033000000
1 112
     0.009359503000000     0.007308965000000    -0.032708100000000
     0.007308965000000     0.009359503000000    -0.032708100000000
    -0.027075100000000    -0.027075100000000    -0.013066567000000
1 113
    -0.342337467000000    -0.483262000000000     0.483262000000000
    -0.483262000000000    -0.342337467000000     0.483262000000000
     0.483262000000000     0.483262000000000    -0.342337467000000
1 114
    -0.013066567000000    -0.027075100000000     0.027075100000000
    -0.032708100000000     0.009359503000000    -0.007308965000000
     0.032708100000000    -0.007308965000000     0.009359503000000
1 115
    -0.013066567000000     0.027075100000000    -0.027075100000000
     0.032708100000000     0.009359503000000    -0.007308965000000
    -0.032708100000000    -0.007308965000000     0.009359503000000
1 116
    -0.342337467000000     0.483262000000000    -0.483262000000000
     0.483262000000000    -0.342337467000000     0.483262000000000
    -0.483262000000000     0.483262000000000    -0.342337467000000
1 117
     0.009359503000000    -0.032708100000000    -0.007308965000000
    -0.027075100000000    -0.013066567000000     0.027075100000000
    -0.007308965000000     0.032708100000000     0.009359503000000
1 118
     0.000000033000000    -0.000000000000000    -0.000000000000000
    -0.000000000000000     0.000000033000000    -0.000000000000000
    -0.000000000000000    -0.000000000000000     0.000000033000000
1 119
     0.000000033000000    -0.000000000000000    -0.000000000000000
    -0.000000000000000     0.000000033000000    -0.000000000000000
    -0.000000000000000    -0.000000000000000     0.000000033000000
1 120
     0.009359503000000     0.032708100000000     0.007308965000000
     0.027075100000000    -0.013066567000000     0.027075100000000
     0.007308965000000     0.032708100000000     0.009359503000000
1 121
     0.009359503000000     0.032708100000000    -0.007308965000000
     0.027075100000000    -0.013066567000000    -0.027075100000000
    -0.007308965000000    -0.032708100000000     0.009359503000000
1 122
     0.000000033000000    -0.000000000000000    -0.000000000000000
    -0.000000000000000     0.000000033000000    -0.000000000000000
    -0.000000000000000    -0.000000000000000     0.000000033000000
1 123
     0.000000033000000    -0.000000000000000    -0.000000000000000
    -0.000000000000000     0.000000033000000    -0.000000000000000
    -0.000000000000000    -0.000000000000000     0.000000033000000
1 124
     0.009359503000000    -0.032708100000000     0.007308965000000
    -0.027075100000000    -0.013066567000000    -0.027075100000000
     0.007308965000000    -0.032708100000000     0.009359503000000
1 125
    -0.342337467000000     0.483262000000000     0.483262000000000
     0.483262000000000    -0.342337467000000    -0.483262000000000
     0.483262000000000    -0.483262000000000    -0.342337467000000
1 126
    -0.013066567000000     0.027075100000000     0.027075100000000
     0.032708100000000     0.009359503000000     0.007308965000000
     0.032708100000000     0.007308965000000     0.009359503000000
1 127
    -0.013066567000000    -0.027075100000000    -0.027075100000000
    -0.032708100000000     0.009359503000000     0.007308965000000
    -0.032708100000000     0.007308965000000     0.009359503000000
1 128
    -0.342337467000000    -0.483262000000000    -0.483262000000000
    -0.483262000000000    -0.342337467000000    -0.483262000000000
    -0.483262000000000    -0.483262000000000    -0.342337467000000