128  
1    

1    
  0.1000000000000000   0.0000000000000000   0.0000000000000000
  -0.2696480033    0.0000000000    0.0000000000
  -0.0840403033    0.0000000000    0.0000000000
   0.0469530967    0.0000000000    0.0000000000
  -0.0740004033    0.0000000000    0.0000000000
   0.0206031967    0.0103134000    0.0000000000
   0.0042831367    0.0141119000    0.0000000000
  -0.0000000033   -0.0000000000   -0.0000000000
   0.0057516467   -0.0142511000   -0.0000000000
  -0.0003571923   -0.0000000000    0.0000000000
  -0.0000000033   -0.0000000000   -0.0000000000
  -0.0000000033   -0.0000000000    0.0000000000
  -0.0000000033   -0.0000000000    0.0000000000
   0.0206031967   -0.0103134000    0.0000000000
   0.0042831367   -0.0141119000   -0.0000000000
  -0.0000000033    0.0000000000   -0.0000000000
   0.0057516467    0.0142511000    0.0000000000
   0.0206031967   -0.0000000000    0.0103134000
   0.0042831367   -0.0000000000    0.0141119000
  -0.0000000033   -0.0000000000   -0.0000000000
   0.0057516467   -0.0000000000   -0.0142511000
   0.0000570133   -0.0001814240   -0.0001814240
  -0.0013268233    0.0023562200    0.0023562200
  -0.0000000033   -0.0000000000   -0.0000000000
  -0.0013426233   -0.0017268500   -0.0017268500
  -0.0000000033   -0.0000000000   -0.0000000000
  -0.0000000033   -0.0000000000   -0.0000000000
  -0.0000000033    0.0000000000   -0.0000000000
  -0.0000000033   -0.0000000000   -0.0000000000
   0.0000570133    0.0001814240   -0.0001814240
  -0.0013268233   -0.0023562200    0.0023562200
  -0.0000000033    0.0000000000   -0.0000000000
  -0.0013426233    0.0017268500   -0.0017268500
  -0.0003571923   -0.0000000000    0.0000000000
  -0.0000000033   -0.0000000000   -0.0000000000
  -0.0000000033    0.0000000000   -0.0000000000
  -0.0000000033    0.0000000000   -0.0000000000
  -0.0000000033    0.0000000000   -0.0000000000
  -0.0000000033    0.0000000000    0.0000000000
  -0.0000000033   -0.0000000000    0.0000000000
  -0.0000000033    0.0000000000   -0.0000000000
  -0.0000000033   -0.0000000000   -0.0000000000
  -0.0000000033   -0.0000000000   -0.0000000000
  -0.0000000033    0.0000000000    0.0000000000
  -0.0000000033   -0.0000000000   -0.0000000000
  -0.0000000033    0.0000000000   -0.0000000000
  -0.0000000033    0.0000000000   -0.0000000000
  -0.0000000033    0.0000000000   -0.0000000000
  -0.0000000033   -0.0000000000   -0.0000000000
   0.0206031967    0.0000000000   -0.0103134000
   0.0042831367   -0.0000000000   -0.0141119000
  -0.0000000033    0.0000000000    0.0000000000
   0.0057516467    0.0000000000    0.0142511000
   0.0000570133   -0.0001814240    0.0001814240
  -0.0013268233    0.0023562200   -0.0023562200
  -0.0000000033   -0.0000000000    0.0000000000
  -0.0013426233   -0.0017268500    0.0017268500
  -0.0000000033   -0.0000000000    0.0000000000
  -0.0000000033    0.0000000000    0.0000000000
  -0.0000000033   -0.0000000000    0.0000000000
  -0.0000000033   -0.0000000000    0.0000000000
   0.0000570133    0.0001814240    0.0001814240
  -0.0013268233   -0.0023562200   -0.0023562200
  -0.0000000033    0.0000000000    0.0000000000
  -0.0013426233    0.0017268500    0.0017268500
   0.0297649967    0.0511882000    0.0511882000
   0.0011837967    0.0022888800    0.0022888800
   0.0014295167   -0.0031261400   -0.0031261400
   0.0387024967   -0.0454642000   -0.0454642000
  -0.0009481373    0.0037314000   -0.0007393490
  -0.0000000033   -0.0000000000    0.0000000000
  -0.0000000033    0.0000000000   -0.0000000000
  -0.0009237633   -0.0028102200    0.0007224440
  -0.0009481373   -0.0037314000   -0.0007393490
  -0.0000000033   -0.0000000000   -0.0000000000
  -0.0000000033   -0.0000000000    0.0000000000
  -0.0009237633    0.0028102200    0.0007224440
   0.0297649967   -0.0511882000    0.0511882000
   0.0011837967   -0.0022888800    0.0022888800
   0.0014295167    0.0031261400   -0.0031261400
   0.0387024967    0.0454642000   -0.0454642000
  -0.0009481373   -0.0007393490    0.0037314000
  -0.0000000033   -0.0000000000    0.0000000000
  -0.0000000033    0.0000000000    0.0000000000
  -0.0009237633    0.0007224440   -0.0028102200
  -0.0000000033   -0.0000000000    0.0000000000
  -0.0000000033    0.0000000000    0.0000000000
  -0.0000000033    0.0000000000    0.0000000000
  -0.0000000033   -0.0000000000   -0.0000000000
  -0.0000000033    0.0000000000    0.0000000000
  -0.0000000033   -0.0000000000    0.0000000000
  -0.0000000033   -0.0000000000    0.0000000000
  -0.0000000033    0.0000000000    0.0000000000
  -0.0009481373    0.0007393490    0.0037314000
  -0.0000000033   -0.0000000000   -0.0000000000
  -0.0000000033   -0.0000000000    0.0000000000
  -0.0009237633   -0.0007224440   -0.0028102200
  -0.0009481373   -0.0007393490   -0.0037314000
  -0.0000000033    0.0000000000   -0.0000000000
  -0.0000000033    0.0000000000   -0.0000000000
  -0.0009237633    0.0007224440    0.0028102200
  -0.0000000033    0.0000000000   -0.0000000000
  -0.0000000033    0.0000000000   -0.0000000000
  -0.0000000033    0.0000000000    0.0000000000
  -0.0000000033    0.0000000000    0.0000000000
  -0.0000000033   -0.0000000000   -0.0000000000
  -0.0000000033    0.0000000000    0.0000000000
  -0.0000000033   -0.0000000000    0.0000000000
  -0.0000000033   -0.0000000000    0.0000000000
  -0.0009481373    0.0007393490   -0.0037314000
  -0.0000000033   -0.0000000000    0.0000000000
  -0.0000000033   -0.0000000000    0.0000000000
  -0.0009237633   -0.0007224440    0.0028102200
   0.0297649967    0.0511882000   -0.0511882000
   0.0011837967    0.0022888800   -0.0022888800
   0.0014295167   -0.0031261400    0.0031261400
   0.0387024967   -0.0454642000    0.0454642000
  -0.0009481373    0.0037314000    0.0007393490
  -0.0000000033   -0.0000000000   -0.0000000000
  -0.0000000033    0.0000000000   -0.0000000000
  -0.0009237633   -0.0028102200   -0.0007224440
  -0.0009481373   -0.0037314000    0.0007393490
  -0.0000000033    0.0000000000   -0.0000000000
  -0.0000000033    0.0000000000   -0.0000000000
  -0.0009237633    0.0028102200   -0.0007224440
   0.0297649967   -0.0511882000   -0.0511882000
   0.0011837967   -0.0022888800   -0.0022888800
   0.0014295167    0.0031261400    0.0031261400
   0.0387024967    0.0454642000    0.0454642000
