# End points of segments: 
#   0.00000000 0.24063950 0.36095920 0.44603810 0.70127480 0.90967470 
0.000000 -0.000000
0.002406 0.027258
0.004813 0.054524
0.007219 0.081804
0.009626 0.109107
0.012032 0.136438
0.014438 0.163806
0.016845 0.191216
0.019251 0.218676
0.021658 0.246190
0.024064 0.273766
0.026470 0.301409
0.028877 0.329123
0.031283 0.356913
0.033689 0.384783
0.036096 0.412737
0.038502 0.440778
0.040909 0.468908
0.043315 0.497129
0.045721 0.525443
0.048128 0.553849
0.050534 0.582349
0.052941 0.610940
0.055347 0.639623
0.057753 0.668394
0.060160 0.697252
0.062566 0.726193
0.064973 0.755213
0.067379 0.784306
0.069785 0.813469
0.072192 0.842694
0.074598 0.871976
0.077005 0.901306
0.079411 0.930676
0.081817 0.960079
0.084224 0.989504
0.086630 1.018942
0.089037 1.048383
0.091443 1.077814
0.093849 1.107226
0.096256 1.136605
0.098662 1.165940
0.101069 1.195216
0.103475 1.224421
0.105881 1.253541
0.108288 1.282561
0.110694 1.311467
0.113101 1.340242
0.115507 1.368873
0.117913 1.397343
0.120320 1.425637
0.122726 1.453737
0.125133 1.481628
0.127539 1.509292
0.129945 1.536714
0.132352 1.563875
0.134758 1.590759
0.137164 1.617350
0.139571 1.643628
0.141977 1.669578
0.144384 1.695181
0.146790 1.720422
0.149197 1.745281
0.151603 1.769743
0.154009 1.793790
0.156416 1.817406
0.158822 1.840573
0.161228 1.863275
0.163635 1.885496
0.166041 1.907219
0.168448 1.928428
0.170854 1.949109
0.173260 1.969245
0.175667 1.988821
0.178073 2.007823
0.180480 2.026237
0.182886 2.044048
0.185292 2.061242
0.187699 2.077807
0.190105 2.093730
0.192512 2.108998
0.194918 2.123600
0.197324 2.137524
0.199731 2.150759
0.202137 2.163296
0.204543 2.175123
0.206950 2.186231
0.209356 2.196613
0.211763 2.206259
0.214169 2.215163
0.216576 2.223316
0.218982 2.230712
0.221388 2.237346
0.223795 2.243212
0.226201 2.248306
0.228607 2.252623
0.231014 2.256159
0.233420 2.258913
0.235827 2.260882
0.238233 2.262063
0.240640 2.262458

0.240640 2.262458
0.241843 2.262411
0.243046 2.262272
0.244249 2.262039
0.245452 2.261715
0.246655 2.261297
0.247859 2.260788
0.249062 2.260188
0.250265 2.259496
0.251468 2.258714
0.252671 2.257842
0.253875 2.256881
0.255078 2.255832
0.256281 2.254696
0.257484 2.253474
0.258687 2.252166
0.259891 2.250775
0.261094 2.249300
0.262297 2.247745
0.263500 2.246109
0.264703 2.244394
0.265907 2.242602
0.267110 2.240734
0.268313 2.238793
0.269516 2.236779
0.270719 2.234695
0.271923 2.232542
0.273126 2.230323
0.274329 2.228039
0.275532 2.225693
0.276735 2.223286
0.277939 2.220820
0.279142 2.218299
0.280345 2.215724
0.281548 2.213098
0.282751 2.210422
0.283955 2.207700
0.285158 2.204934
0.286361 2.202127
0.287564 2.199281
0.288767 2.196399
0.289971 2.193483
0.291174 2.190537
0.292377 2.187563
0.293580 2.184564
0.294783 2.181542
0.295986 2.178502
0.297190 2.175445
0.298393 2.172374
0.299596 2.169293
0.300799 2.166205
0.302003 2.163112
0.303206 2.160018
0.304409 2.156926
0.305612 2.153838
0.306815 2.150758
0.308018 2.147689
0.309222 2.144634
0.310425 2.141596
0.311628 2.138578
0.312831 2.135584
0.314034 2.132616
0.315238 2.129677
0.316441 2.126770
0.317644 2.123899
0.318847 2.121066
0.320051 2.118274
0.321254 2.115527
0.322457 2.112827
0.323660 2.110176
0.324863 2.107579
0.326066 2.105037
0.327270 2.102553
0.328473 2.100130
0.329676 2.097770
0.330879 2.095477
0.332083 2.093252
0.333286 2.091098
0.334489 2.089018
0.335692 2.087013
0.336895 2.085086
0.338098 2.083239
0.339302 2.081473
0.340505 2.079792
0.341708 2.078196
0.342911 2.076688
0.344114 2.075269
0.345318 2.073941
0.346521 2.072705
0.347724 2.071563
0.348927 2.070516
0.350130 2.069565
0.351334 2.068711
0.352537 2.067955
0.353740 2.067298
0.354943 2.066742
0.356146 2.066285
0.357350 2.065929
0.358553 2.065675
0.359756 2.065522
0.360959 2.065472

0.360959 2.065472
0.361810 2.065445
0.362661 2.065366
0.363512 2.065234
0.364362 2.065049
0.365213 2.064810
0.366064 2.064518
0.366915 2.064173
0.367766 2.063774
0.368616 2.063323
0.369467 2.062818
0.370318 2.062261
0.371169 2.061651
0.372020 2.060989
0.372870 2.060275
0.373721 2.059510
0.374572 2.058694
0.375423 2.057828
0.376273 2.056913
0.377124 2.055949
0.377975 2.054937
0.378826 2.053878
0.379677 2.052774
0.380527 2.051624
0.381378 2.050430
0.382229 2.049193
0.383080 2.047914
0.383931 2.046596
0.384781 2.045238
0.385632 2.043843
0.386483 2.042411
0.387334 2.040945
0.388184 2.039446
0.389035 2.037916
0.389886 2.036355
0.390737 2.034767
0.391588 2.033152
0.392438 2.031513
0.393289 2.029851
0.394140 2.028168
0.394991 2.026466
0.395842 2.024747
0.396692 2.023012
0.397543 2.021265
0.398394 2.019506
0.399245 2.017738
0.400095 2.015962
0.400946 2.014181
0.401797 2.012397
0.402648 2.010611
0.403499 2.008825
0.404349 2.007042
0.405200 2.005263
0.406051 2.003491
0.406902 2.001726
0.407753 1.999972
0.408603 1.998229
0.409454 1.996499
0.410305 1.994785
0.411156 1.993088
0.412006 1.991410
0.412857 1.989752
0.413708 1.988117
0.414559 1.986505
0.415410 1.984918
0.416260 1.983357
0.417111 1.981825
0.417962 1.980323
0.418813 1.978851
0.419664 1.977412
0.420514 1.976006
0.421365 1.974635
0.422216 1.973299
0.423067 1.972001
0.423918 1.970741
0.424768 1.969520
0.425619 1.968340
0.426470 1.967200
0.427321 1.966103
0.428171 1.965048
0.429022 1.964037
0.429873 1.963071
0.430724 1.962150
0.431575 1.961275
0.432426 1.960447
0.433276 1.959666
0.434127 1.958933
0.434978 1.958248
0.435829 1.957612
0.436679 1.957025
0.437530 1.956487
0.438381 1.956000
0.439232 1.955564
0.440083 1.955177
0.440933 1.954842
0.441784 1.954558
0.442635 1.954326
0.443486 1.954145
0.444337 1.954015
0.445187 1.953938
0.446038 1.953912

0.446038 1.953912
0.448591 1.937595
0.451143 1.921046
0.453695 1.904278
0.456248 1.887304
0.458800 1.870138
0.461352 1.852792
0.463905 1.835278
0.466457 1.817608
0.469009 1.799792
0.471562 1.781839
0.474114 1.763760
0.476666 1.745562
0.479219 1.727254
0.481771 1.708841
0.484324 1.690332
0.486876 1.671731
0.489428 1.653043
0.491981 1.634273
0.494533 1.615424
0.497085 1.596499
0.499638 1.577500
0.502190 1.558430
0.504742 1.539290
0.507295 1.520080
0.509847 1.500801
0.512400 1.481453
0.514952 1.462036
0.517504 1.442549
0.520057 1.422991
0.522609 1.403361
0.525161 1.383658
0.527714 1.363881
0.530266 1.344029
0.532819 1.324100
0.535371 1.304094
0.537923 1.284009
0.540476 1.263844
0.543028 1.243599
0.545580 1.223274
0.548133 1.202869
0.550685 1.182383
0.553238 1.161818
0.555790 1.141175
0.558342 1.120454
0.560895 1.099659
0.563447 1.078792
0.565999 1.057855
0.568552 1.036851
0.571104 1.015786
0.573656 0.994662
0.576209 0.973484
0.578761 0.952259
0.581314 0.930991
0.583866 0.909686
0.586418 0.888352
0.588971 0.866995
0.591523 0.845622
0.594075 0.824240
0.596628 0.802858
0.599180 0.781484
0.601733 0.760125
0.604285 0.738790
0.606837 0.717488
0.609390 0.696227
0.611942 0.675016
0.614494 0.653862
0.617047 0.632775
0.619599 0.611763
0.622151 0.590832
0.624704 0.569992
0.627256 0.549249
0.629808 0.528610
0.632361 0.508082
0.634913 0.487670
0.637466 0.467380
0.640018 0.447216
0.642570 0.427183
0.645123 0.407284
0.647675 0.387521
0.650227 0.367897
0.652780 0.348412
0.655332 0.329067
0.657884 0.309861
0.660437 0.290793
0.662989 0.271860
0.665542 0.253059
0.668094 0.234386
0.670646 0.215835
0.673199 0.197402
0.675751 0.179079
0.678303 0.160860
0.680856 0.142735
0.683408 0.124697
0.685961 0.106736
0.688513 0.088842
0.691065 0.071004
0.693618 0.053213
0.696170 0.035456
0.698722 0.017722
0.701275 -0.000000

0.701275 -0.000000
0.703359 0.018036
0.705443 0.036076
0.707527 0.054123
0.709611 0.072180
0.711695 0.090250
0.713779 0.108338
0.715863 0.126445
0.717947 0.144574
0.720031 0.162729
0.722115 0.180913
0.724199 0.199126
0.726283 0.217373
0.728367 0.235654
0.730451 0.253971
0.732535 0.272325
0.734619 0.290719
0.736703 0.309152
0.738787 0.327625
0.740871 0.346138
0.742955 0.364690
0.745039 0.383283
0.747123 0.401913
0.749207 0.420581
0.751291 0.439285
0.753375 0.458022
0.755459 0.476790
0.757543 0.495587
0.759627 0.514409
0.761711 0.533252
0.763795 0.552114
0.765879 0.570989
0.767963 0.589874
0.770047 0.608762
0.772131 0.627650
0.774215 0.646530
0.776299 0.665398
0.778383 0.684246
0.780467 0.703069
0.782551 0.721859
0.784635 0.740608
0.786719 0.759310
0.788803 0.777957
0.790887 0.796540
0.792971 0.815051
0.795055 0.833482
0.797139 0.851824
0.799223 0.870067
0.801307 0.888204
0.803391 0.906223
0.805475 0.924116
0.807559 0.941873
0.809643 0.959485
0.811727 0.976941
0.813811 0.994231
0.815895 1.011346
0.817979 1.028275
0.820063 1.045008
0.822147 1.061534
0.824231 1.077844
0.826315 1.093927
0.828399 1.109774
0.830483 1.125372
0.832567 1.140714
0.834651 1.155787
0.836735 1.170583
0.838819 1.185092
0.840903 1.199303
0.842987 1.213206
0.845071 1.226793
0.847155 1.240054
0.849239 1.252979
0.851323 1.265559
0.853407 1.277785
0.855491 1.289648
0.857575 1.301141
0.859659 1.312254
0.861743 1.322980
0.863827 1.333310
0.865911 1.343237
0.867995 1.352754
0.870079 1.361853
0.872163 1.370528
0.874247 1.378772
0.876331 1.386579
0.878415 1.393944
0.880499 1.400860
0.882583 1.407322
0.884667 1.413326
0.886751 1.418866
0.888835 1.423939
0.890919 1.428541
0.893003 1.432668
0.895087 1.436317
0.897171 1.439485
0.899255 1.442170
0.901339 1.444370
0.903423 1.446082
0.905507 1.447306
0.907591 1.448041
0.909675 1.448286


0.000000 0.000000
0.002406 0.027258
0.004813 0.054524
0.007219 0.081804
0.009626 0.109107
0.012032 0.136438
0.014438 0.163806
0.016845 0.191216
0.019251 0.218676
0.021658 0.246190
0.024064 0.273766
0.026470 0.301409
0.028877 0.329123
0.031283 0.356913
0.033689 0.384783
0.036096 0.412737
0.038502 0.440778
0.040909 0.468908
0.043315 0.497129
0.045721 0.525443
0.048128 0.553849
0.050534 0.582349
0.052941 0.610940
0.055347 0.639623
0.057753 0.668394
0.060160 0.697252
0.062566 0.726193
0.064973 0.755213
0.067379 0.784306
0.069785 0.813469
0.072192 0.842694
0.074598 0.871976
0.077005 0.901306
0.079411 0.930676
0.081817 0.960079
0.084224 0.989504
0.086630 1.018942
0.089037 1.048383
0.091443 1.077814
0.093849 1.107226
0.096256 1.136605
0.098662 1.165940
0.101069 1.195216
0.103475 1.224421
0.105881 1.253541
0.108288 1.282561
0.110694 1.311467
0.113101 1.340242
0.115507 1.368873
0.117913 1.397343
0.120320 1.425637
0.122726 1.453737
0.125133 1.481628
0.127539 1.509292
0.129945 1.536714
0.132352 1.563875
0.134758 1.590759
0.137164 1.617350
0.139571 1.643628
0.141977 1.669578
0.144384 1.695181
0.146790 1.720422
0.149197 1.745281
0.151603 1.769743
0.154009 1.793790
0.156416 1.817406
0.158822 1.840573
0.161228 1.863275
0.163635 1.885496
0.166041 1.907219
0.168448 1.928428
0.170854 1.949109
0.173260 1.969245
0.175667 1.988821
0.178073 2.007823
0.180480 2.026237
0.182886 2.044048
0.185292 2.061242
0.187699 2.077807
0.190105 2.093730
0.192512 2.108998
0.194918 2.123600
0.197324 2.137524
0.199731 2.150759
0.202137 2.163296
0.204543 2.175123
0.206950 2.186231
0.209356 2.196613
0.211763 2.206259
0.214169 2.215163
0.216576 2.223316
0.218982 2.230712
0.221388 2.237346
0.223795 2.243212
0.226201 2.248306
0.228607 2.252623
0.231014 2.256159
0.233420 2.258913
0.235827 2.260882
0.238233 2.262063
0.240640 2.262458

0.240640 2.262458
0.241843 2.262556
0.243046 2.262851
0.244249 2.263343
0.245452 2.264032
0.246655 2.264917
0.247859 2.265999
0.249062 2.267278
0.250265 2.268753
0.251468 2.270425
0.252671 2.272292
0.253875 2.274356
0.255078 2.276616
0.256281 2.279072
0.257484 2.281723
0.258687 2.284570
0.259891 2.287612
0.261094 2.290849
0.262297 2.294280
0.263500 2.297906
0.264703 2.301726
0.265907 2.305740
0.267110 2.309947
0.268313 2.314347
0.269516 2.318939
0.270719 2.323724
0.271923 2.328700
0.273126 2.333868
0.274329 2.339226
0.275532 2.344773
0.276735 2.350510
0.277939 2.356436
0.279142 2.362550
0.280345 2.368850
0.281548 2.375338
0.282751 2.382010
0.283955 2.388868
0.285158 2.395909
0.286361 2.403133
0.287564 2.410539
0.288767 2.418125
0.289971 2.425891
0.291174 2.433836
0.292377 2.441957
0.293580 2.450255
0.294783 2.458727
0.295986 2.467372
0.297190 2.476190
0.298393 2.485177
0.299596 2.494334
0.300799 2.503657
0.302003 2.513146
0.303206 2.522799
0.304409 2.532614
0.305612 2.542589
0.306815 2.552723
0.308018 2.563013
0.309222 2.573457
0.310425 2.584054
0.311628 2.594800
0.312831 2.605695
0.314034 2.616736
0.315238 2.627920
0.316441 2.639245
0.317644 2.650709
0.318847 2.662310
0.320051 2.674044
0.321254 2.685909
0.322457 2.697903
0.323660 2.710023
0.324863 2.722266
0.326066 2.734630
0.327270 2.747111
0.328473 2.759707
0.329676 2.772414
0.330879 2.785231
0.332083 2.798153
0.333286 2.811177
0.334489 2.824302
0.335692 2.837522
0.336895 2.850836
0.338098 2.864240
0.339302 2.877731
0.340505 2.891305
0.341708 2.904958
0.342911 2.918689
0.344114 2.932492
0.345318 2.946365
0.346521 2.960304
0.347724 2.974306
0.348927 2.988367
0.350130 3.002483
0.351334 3.016651
0.352537 3.030867
0.353740 3.045128
0.354943 3.059429
0.356146 3.073768
0.357350 3.088139
0.358553 3.102541
0.359756 3.116968
0.360959 3.131417

0.360959 3.131417
0.361810 3.138622
0.362661 3.145780
0.363512 3.152889
0.364362 3.159949
0.365213 3.166959
0.366064 3.173919
0.366915 3.180827
0.367766 3.187684
0.368616 3.194489
0.369467 3.201241
0.370318 3.207940
0.371169 3.214584
0.372020 3.221174
0.372870 3.227709
0.373721 3.234187
0.374572 3.240609
0.375423 3.246975
0.376273 3.253282
0.377124 3.259531
0.377975 3.265722
0.378826 3.271853
0.379677 3.277923
0.380527 3.283934
0.381378 3.289883
0.382229 3.295770
0.383080 3.301595
0.383931 3.307358
0.384781 3.313056
0.385632 3.318691
0.386483 3.324261
0.387334 3.329766
0.388184 3.335206
0.389035 3.340579
0.389886 3.345886
0.390737 3.351125
0.391588 3.356296
0.392438 3.361400
0.393289 3.366434
0.394140 3.371399
0.394991 3.376294
0.395842 3.381119
0.396692 3.385873
0.397543 3.390555
0.398394 3.395166
0.399245 3.399705
0.400095 3.404170
0.400946 3.408563
0.401797 3.412881
0.402648 3.417126
0.403499 3.421296
0.404349 3.425391
0.405200 3.429411
0.406051 3.433354
0.406902 3.437221
0.407753 3.441012
0.408603 3.444725
0.409454 3.448361
0.410305 3.451919
0.411156 3.455399
0.412006 3.458800
0.412857 3.462122
0.413708 3.465364
0.414559 3.468527
0.415410 3.471610
0.416260 3.474612
0.417111 3.477534
0.417962 3.480374
0.418813 3.483133
0.419664 3.485810
0.420514 3.488406
0.421365 3.490919
0.422216 3.493349
0.423067 3.495697
0.423918 3.497961
0.424768 3.500142
0.425619 3.502240
0.426470 3.504254
0.427321 3.506184
0.428171 3.508029
0.429022 3.509790
0.429873 3.511467
0.430724 3.513058
0.431575 3.514565
0.432426 3.515986
0.433276 3.517322
0.434127 3.518573
0.434978 3.519738
0.435829 3.520817
0.436679 3.521810
0.437530 3.522717
0.438381 3.523539
0.439232 3.524274
0.440083 3.524922
0.440933 3.525485
0.441784 3.525961
0.442635 3.526350
0.443486 3.526653
0.444337 3.526870
0.445187 3.526999
0.446038 3.527043

0.446038 2.819793
0.448591 2.847916
0.451143 2.876030
0.453695 2.904054
0.456248 2.931904
0.458800 2.959497
0.461352 2.986751
0.463905 3.013579
0.466457 3.039900
0.469009 3.065628
0.471562 3.090682
0.474114 3.114978
0.476666 3.138437
0.479219 3.160978
0.481771 3.182524
0.484324 3.202999
0.486876 3.222330
0.489428 3.240444
0.491981 3.257273
0.494533 3.272750
0.497085 3.286813
0.499638 3.299400
0.502190 3.310455
0.504742 3.319923
0.507295 3.327754
0.509847 3.333901
0.512400 3.338321
0.514952 3.340973
0.517504 3.341824
0.520057 3.340839
0.522609 3.337992
0.525161 3.333258
0.527714 3.326617
0.530266 3.318054
0.532819 3.307556
0.535371 3.295115
0.537923 3.280728
0.540476 3.264394
0.543028 3.246118
0.545580 3.225908
0.548133 3.203774
0.550685 3.179734
0.553238 3.153806
0.555790 3.126013
0.558342 3.096381
0.560895 3.064941
0.563447 3.031725
0.565999 2.996770
0.568552 2.960115
0.571104 2.921802
0.573656 2.881877
0.576209 2.840386
0.578761 2.797380
0.581314 2.752910
0.583866 2.707032
0.586418 2.659800
0.588971 2.611273
0.591523 2.561510
0.594075 2.510570
0.596628 2.458515
0.599180 2.405408
0.601733 2.351310
0.604285 2.296285
0.606837 2.240396
0.609390 2.183706
0.611942 2.126277
0.614494 2.068171
0.617047 2.009450
0.619599 1.950174
0.622151 1.890402
0.624704 1.830191
0.627256 1.769596
0.629808 1.708672
0.632361 1.647471
0.634913 1.586041
0.637466 1.524431
0.640018 1.462683
0.642570 1.400839
0.645123 1.338939
0.647675 1.277017
0.650227 1.215106
0.652780 1.153235
0.655332 1.091429
0.657884 1.029711
0.660437 0.968100
0.662989 0.906611
0.665542 0.845257
0.668094 0.784045
0.670646 0.722982
0.673199 0.662071
0.675751 0.601309
0.678303 0.540695
0.680856 0.480220
0.683408 0.419878
0.685961 0.359655
0.688513 0.299540
0.691065 0.239518
0.693618 0.179570
0.696170 0.119681
0.698722 0.059831
0.701275 0.000000

0.701275 0.000000
0.703359 0.018036
0.705443 0.036076
0.707527 0.054123
0.709611 0.072180
0.711695 0.090250
0.713779 0.108338
0.715863 0.126445
0.717947 0.144574
0.720031 0.162729
0.722115 0.180913
0.724199 0.199126
0.726283 0.217373
0.728367 0.235654
0.730451 0.253971
0.732535 0.272325
0.734619 0.290719
0.736703 0.309152
0.738787 0.327625
0.740871 0.346138
0.742955 0.364690
0.745039 0.383283
0.747123 0.401913
0.749207 0.420581
0.751291 0.439285
0.753375 0.458022
0.755459 0.476790
0.757543 0.495587
0.759627 0.514409
0.761711 0.533252
0.763795 0.552114
0.765879 0.570989
0.767963 0.589874
0.770047 0.608762
0.772131 0.627650
0.774215 0.646530
0.776299 0.665398
0.778383 0.684246
0.780467 0.703069
0.782551 0.721859
0.784635 0.740608
0.786719 0.759310
0.788803 0.777957
0.790887 0.796540
0.792971 0.815051
0.795055 0.833482
0.797139 0.851824
0.799223 0.870067
0.801307 0.888204
0.803391 0.906223
0.805475 0.924116
0.807559 0.941873
0.809643 0.959485
0.811727 0.976941
0.813811 0.994231
0.815895 1.011346
0.817979 1.028275
0.820063 1.045008
0.822147 1.061534
0.824231 1.077844
0.826315 1.093927
0.828399 1.109774
0.830483 1.125372
0.832567 1.140714
0.834651 1.155787
0.836735 1.170583
0.838819 1.185092
0.840903 1.199303
0.842987 1.213206
0.845071 1.226793
0.847155 1.240054
0.849239 1.252979
0.851323 1.265559
0.853407 1.277785
0.855491 1.289648
0.857575 1.301141
0.859659 1.312254
0.861743 1.322980
0.863827 1.333310
0.865911 1.343237
0.867995 1.352754
0.870079 1.361853
0.872163 1.370528
0.874247 1.378772
0.876331 1.386579
0.878415 1.393944
0.880499 1.400860
0.882583 1.407322
0.884667 1.413326
0.886751 1.418866
0.888835 1.423939
0.890919 1.428541
0.893003 1.432668
0.895087 1.436317
0.897171 1.439485
0.899255 1.442170
0.901339 1.444370
0.903423 1.446082
0.905507 1.447306
0.907591 1.448041
0.909675 1.448286


0.000000 0.000000
0.002406 0.052133
0.004813 0.104274
0.007219 0.156428
0.009626 0.208602
0.012032 0.260803
0.014438 0.313037
0.016845 0.365311
0.019251 0.417629
0.021658 0.469997
0.024064 0.522421
0.026470 0.574903
0.028877 0.627449
0.031283 0.680061
0.033689 0.732742
0.036096 0.785493
0.038502 0.838317
0.040909 0.891213
0.043315 0.944181
0.045721 0.997220
0.048128 1.050329
0.050534 1.103503
0.052941 1.156741
0.055347 1.210036
0.057753 1.263384
0.060160 1.316779
0.062566 1.370212
0.064973 1.423677
0.067379 1.477163
0.069785 1.530661
0.072192 1.584159
0.074598 1.637647
0.077005 1.691110
0.079411 1.744536
0.081817 1.797909
0.084224 1.851215
0.086630 1.904436
0.089037 1.957557
0.091443 2.010558
0.093849 2.063422
0.096256 2.116129
0.098662 2.168658
0.101069 2.220989
0.103475 2.273100
0.105881 2.324970
0.108288 2.376574
0.110694 2.427891
0.113101 2.478896
0.115507 2.529565
0.117913 2.579873
0.120320 2.629795
0.122726 2.679305
0.125133 2.728378
0.127539 2.776987
0.129945 2.825106
0.132352 2.872708
0.134758 2.919766
0.137164 2.966254
0.139571 3.012145
0.141977 3.057410
0.144384 3.102024
0.146790 3.145959
0.149197 3.189188
0.151603 3.231685
0.154009 3.273422
0.156416 3.314373
0.158822 3.354511
0.161228 3.393811
0.163635 3.432247
0.166041 3.469794
0.168448 3.506426
0.170854 3.542119
0.173260 3.576848
0.175667 3.610591
0.178073 3.643323
0.180480 3.675022
0.182886 3.705667
0.185292 3.735236
0.187699 3.763707
0.190105 3.791061
0.192512 3.817279
0.194918 3.842341
0.197324 3.866231
0.199731 3.888929
0.202137 3.910421
0.204543 3.930691
0.206950 3.949723
0.209356 3.967505
0.211763 3.984022
0.214169 3.999263
0.216576 4.013217
0.218982 4.025874
0.221388 4.037223
0.223795 4.047257
0.226201 4.055969
0.228607 4.063351
0.231014 4.069398
0.233420 4.074106
0.235827 4.077472
0.238233 4.079492
0.240640 4.080166

0.240640 4.080166
0.241843 4.080046
0.243046 4.079687
0.244249 4.079088
0.245452 4.078251
0.246655 4.077174
0.247859 4.075859
0.249062 4.074306
0.250265 4.072515
0.251468 4.070486
0.252671 4.068221
0.253875 4.065719
0.255078 4.062982
0.256281 4.060010
0.257484 4.056804
0.258687 4.053365
0.259891 4.049694
0.261094 4.045792
0.262297 4.041660
0.263500 4.037298
0.264703 4.032709
0.265907 4.027894
0.267110 4.022853
0.268313 4.017589
0.269516 4.012102
0.270719 4.006394
0.271923 4.000466
0.273126 3.994321
0.274329 3.987960
0.275532 3.981385
0.276735 3.974597
0.277939 3.967598
0.279142 3.960391
0.280345 3.952977
0.281548 3.945357
0.282751 3.937536
0.283955 3.929513
0.285158 3.921293
0.286361 3.912876
0.287564 3.904265
0.288767 3.895463
0.289971 3.886471
0.291174 3.877293
0.292377 3.867931
0.293580 3.858387
0.294783 3.848664
0.295986 3.838765
0.297190 3.828692
0.298393 3.818449
0.299596 3.808037
0.300799 3.797460
0.302003 3.786721
0.303206 3.775822
0.304409 3.764767
0.305612 3.753558
0.306815 3.742199
0.308018 3.730693
0.309222 3.719043
0.310425 3.707252
0.311628 3.695323
0.312831 3.683259
0.314034 3.671065
0.315238 3.658743
0.316441 3.646296
0.317644 3.633728
0.318847 3.621043
0.320051 3.608243
0.321254 3.595333
0.322457 3.582316
0.323660 3.569195
0.324863 3.555974
0.326066 3.542657
0.327270 3.529247
0.328473 3.515748
0.329676 3.502163
0.330879 3.488497
0.332083 3.474753
0.333286 3.460934
0.334489 3.447045
0.335692 3.433090
0.336895 3.419071
0.338098 3.404994
0.339302 3.390861
0.340505 3.376676
0.341708 3.362444
0.342911 3.348168
0.344114 3.333853
0.345318 3.319501
0.346521 3.305117
0.347724 3.290705
0.348927 3.276269
0.350130 3.261812
0.351334 3.247338
0.352537 3.232852
0.353740 3.218357
0.354943 3.203857
0.356146 3.189355
0.357350 3.174857
0.358553 3.160365
0.359756 3.145884
0.360959 3.131417

0.360959 3.131417
0.361810 3.124216
0.362661 3.117073
0.363512 3.109992
0.364362 3.102976
0.365213 3.096026
0.366064 3.089146
0.366915 3.082337
0.367766 3.075603
0.368616 3.068946
0.369467 3.062368
0.370318 3.055872
0.371169 3.049458
0.372020 3.043130
0.372870 3.036889
0.373721 3.030737
0.374572 3.024675
0.375423 3.018705
0.376273 3.012829
0.377124 3.007048
0.377975 3.001363
0.378826 2.995775
0.379677 2.990285
0.380527 2.984894
0.381378 2.979603
0.382229 2.974412
0.383080 2.969322
0.383931 2.964334
0.384781 2.959447
0.385632 2.954662
0.386483 2.949980
0.387334 2.945399
0.388184 2.940920
0.389035 2.936543
0.389886 2.932268
0.390737 2.928093
0.391588 2.924019
0.392438 2.920045
0.393289 2.916171
0.394140 2.912394
0.394991 2.908716
0.395842 2.905135
0.396692 2.901649
0.397543 2.898259
0.398394 2.894962
0.399245 2.891758
0.400095 2.888646
0.400946 2.885623
0.401797 2.882690
0.402648 2.879845
0.403499 2.877086
0.404349 2.874412
0.405200 2.871822
0.406051 2.869314
0.406902 2.866887
0.407753 2.864539
0.408603 2.862269
0.409454 2.860075
0.410305 2.857956
0.411156 2.855911
0.412006 2.853937
0.412857 2.852034
0.413708 2.850200
0.414559 2.848433
0.415410 2.846733
0.416260 2.845097
0.417111 2.843525
0.417962 2.842015
0.418813 2.840565
0.419664 2.839174
0.420514 2.837842
0.421365 2.836566
0.422216 2.835345
0.423067 2.834179
0.423918 2.833065
0.424768 2.832004
0.425619 2.830993
0.426470 2.830032
0.427321 2.829120
0.428171 2.828255
0.429022 2.827437
0.429873 2.826665
0.430724 2.825938
0.431575 2.825255
0.432426 2.824615
0.433276 2.824018
0.434127 2.823463
0.434978 2.822948
0.435829 2.822475
0.436679 2.822041
0.437530 2.821647
0.438381 2.821292
0.439232 2.820975
0.440083 2.820697
0.440933 2.820456
0.441784 2.820253
0.442635 2.820087
0.443486 2.819959
0.444337 2.819867
0.445187 2.819812
0.446038 2.819793

0.446038 3.527043
0.448591 3.496085
0.451143 3.464515
0.453695 3.432354
0.456248 3.399625
0.458800 3.366350
0.461352 3.332551
0.463905 3.298251
0.466457 3.263472
0.469009 3.228237
0.471562 3.192568
0.474114 3.156487
0.476666 3.120016
0.479219 3.083177
0.481771 3.045991
0.484324 3.008481
0.486876 2.970666
0.489428 2.932569
0.491981 2.894210
0.494533 2.855609
0.497085 2.816787
0.499638 2.777762
0.502190 2.738554
0.504742 2.699183
0.507295 2.659666
0.509847 2.620022
0.512400 2.580269
0.514952 2.540424
0.517504 2.500505
0.520057 2.460526
0.522609 2.420506
0.525161 2.380458
0.527714 2.340400
0.530266 2.300344
0.532819 2.260307
0.535371 2.220300
0.537923 2.180339
0.540476 2.140436
0.543028 2.100603
0.545580 2.060852
0.548133 2.021196
0.550685 1.981645
0.553238 1.942211
0.555790 1.902903
0.558342 1.863731
0.560895 1.824705
0.563447 1.785835
0.565999 1.747128
0.568552 1.708593
0.571104 1.670238
0.573656 1.632069
0.576209 1.594095
0.578761 1.556321
0.581314 1.518754
0.583866 1.481400
0.586418 1.444263
0.588971 1.407349
0.591523 1.370662
0.594075 1.334207
0.596628 1.297986
0.599180 1.262004
0.601733 1.226262
0.604285 1.190764
0.606837 1.155511
0.609390 1.120505
0.611942 1.085747
0.614494 1.051238
0.617047 1.016977
0.619599 0.982965
0.622151 0.949200
0.624704 0.915682
0.627256 0.882409
0.629808 0.849378
0.632361 0.816588
0.634913 0.784034
0.637466 0.751715
0.640018 0.719624
0.642570 0.687759
0.645123 0.656113
0.647675 0.624683
0.650227 0.593460
0.652780 0.562440
0.655332 0.531615
0.657884 0.500979
0.660437 0.470522
0.662989 0.440238
0.665542 0.410118
0.668094 0.380152
0.670646 0.350331
0.673199 0.320646
0.675751 0.291087
0.678303 0.261643
0.680856 0.232304
0.683408 0.203058
0.685961 0.173895
0.688513 0.144803
0.691065 0.115770
0.693618 0.086786
0.696170 0.057837
0.698722 0.028913
0.701275 0.000000

0.701275 0.000000
0.703359 0.050024
0.705443 0.100064
0.707527 0.150133
0.709611 0.200249
0.711695 0.250424
0.713779 0.300674
0.715863 0.351012
0.717947 0.401451
0.720031 0.452005
0.722115 0.502686
0.724199 0.553505
0.726283 0.604472
0.728367 0.655597
0.730451 0.706888
0.732535 0.758354
0.734619 0.810001
0.736703 0.861834
0.738787 0.913857
0.740871 0.966074
0.742955 1.018487
0.745039 1.071095
0.747123 1.123899
0.749207 1.176896
0.751291 1.230083
0.753375 1.283455
0.755459 1.337007
0.757543 1.390730
0.759627 1.444617
0.761711 1.498657
0.763795 1.552838
0.765879 1.607149
0.767963 1.661576
0.770047 1.716102
0.772131 1.770712
0.774215 1.825389
0.776299 1.880113
0.778383 1.934865
0.780467 1.989624
0.782551 2.044367
0.784635 2.099072
0.786719 2.153715
0.788803 2.208270
0.790887 2.262713
0.792971 2.317015
0.795055 2.371151
0.797139 2.425091
0.799223 2.478807
0.801307 2.532269
0.803391 2.585447
0.805475 2.638311
0.807559 2.690829
0.809643 2.742971
0.811727 2.794704
0.813811 2.845995
0.815895 2.896813
0.817979 2.947125
0.820063 2.996898
0.822147 3.046098
0.824231 3.094694
0.826315 3.142652
0.828399 3.189938
0.830483 3.236521
0.832567 3.282367
0.834651 3.327444
0.836735 3.371719
0.838819 3.415161
0.840903 3.457738
0.842987 3.499418
0.845071 3.540171
0.847155 3.579966
0.849239 3.618774
0.851323 3.656564
0.853407 3.693309
0.855491 3.728981
0.857575 3.763551
0.859659 3.796993
0.861743 3.829281
0.863827 3.860390
0.865911 3.890296
0.867995 3.918975
0.870079 3.946404
0.872163 3.972562
0.874247 3.997428
0.876331 4.020982
0.878415 4.043205
0.880499 4.064080
0.882583 4.083589
0.884667 4.101718
0.886751 4.118451
0.888835 4.133774
0.890919 4.147677
0.893003 4.160146
0.895087 4.171172
0.897171 4.180747
0.899255 4.188861
0.901339 4.195509
0.903423 4.200686
0.905507 4.204387
0.907591 4.206608
0.909675 4.207349


