# End points of segments: 
#   0.00000000 0.31569460 0.58909420 0.86249380 1.08572360 1.24357090 
0.000000 0.000050
0.003157 0.093177
0.006314 0.186367
0.009471 0.279580
0.012628 0.372827
0.015785 0.466119
0.018942 0.559464
0.022099 0.652871
0.025256 0.746343
0.028413 0.839886
0.031570 0.933499
0.034726 1.027183
0.037883 1.120933
0.041040 1.214742
0.044197 1.308601
0.047354 1.402497
0.050511 1.496415
0.053668 1.590334
0.056825 1.684232
0.059982 1.778084
0.063139 1.871860
0.066296 1.965528
0.069453 2.059053
0.072610 2.152395
0.075767 2.245513
0.078924 2.338363
0.082081 2.430897
0.085237 2.523065
0.088395 2.614815
0.091551 2.706093
0.094708 2.796842
0.097865 2.887004
0.101022 2.976520
0.104179 3.065329
0.107336 3.153369
0.110493 3.240577
0.113650 3.326891
0.116807 3.412247
0.119964 3.496583
0.123121 3.579835
0.126278 3.661941
0.129435 3.742839
0.132592 3.822471
0.135749 3.900777
0.138906 3.977699
0.142063 4.053184
0.145220 4.127176
0.148376 4.199627
0.151533 4.270486
0.154690 4.339710
0.157847 4.407256
0.161004 4.473083
0.164161 4.537157
0.167318 4.599444
0.170475 4.659916
0.173632 4.718547
0.176789 4.775317
0.179946 4.830206
0.183103 4.883202
0.186260 4.934296
0.189417 4.983481
0.192574 5.030757
0.195731 5.076127
0.198888 5.119597
0.202045 5.161178
0.205202 5.200885
0.208359 5.238738
0.211515 5.274758
0.214672 5.308971
0.217829 5.341409
0.220986 5.372104
0.224143 5.401093
0.227300 5.428415
0.230457 5.454112
0.233614 5.478230
0.236771 5.500816
0.239928 5.521920
0.243085 5.541592
0.246242 5.559886
0.249399 5.576855
0.252556 5.592554
0.255713 5.607038
0.258870 5.620364
0.262026 5.632587
0.265184 5.643761
0.268340 5.653941
0.271497 5.663180
0.274654 5.671530
0.277811 5.679040
0.280968 5.685758
0.284125 5.691729
0.287282 5.696996
0.290439 5.701598
0.293596 5.705570
0.296753 5.708945
0.299910 5.711751
0.303067 5.714013
0.306224 5.715751
0.309381 5.716981
0.312538 5.717714
0.315695 5.717958

0.315695 5.717958
0.318429 5.718539
0.321163 5.720281
0.323897 5.723175
0.326631 5.727211
0.329365 5.732373
0.332099 5.738640
0.334833 5.745989
0.337567 5.754390
0.340301 5.763812
0.343035 5.774220
0.345769 5.785574
0.348503 5.797834
0.351237 5.810955
0.353971 5.824890
0.356705 5.839592
0.359439 5.853773
0.362173 5.867126
0.364907 5.880379
0.367640 5.893413
0.370374 5.906111
0.373109 5.918362
0.375843 5.930058
0.378576 5.941099
0.381310 5.951388
0.384045 5.960841
0.386779 5.969376
0.389512 5.976925
0.392246 5.983426
0.394981 5.988828
0.397715 5.993089
0.400448 5.996180
0.403182 5.998079
0.405917 5.998777
0.408651 5.998277
0.411384 5.996589
0.414119 5.993739
0.416853 5.989760
0.419586 5.984698
0.422320 5.978606
0.425055 5.971550
0.427789 5.963605
0.430522 5.954855
0.433256 5.945392
0.435990 5.935315
0.438724 5.924734
0.441458 5.913762
0.444192 5.902518
0.446926 5.891126
0.449660 5.879716
0.452394 5.868418
0.455128 5.857365
0.457862 5.846689
0.460596 5.836524
0.463330 5.827002
0.466064 5.818249
0.468798 5.810390
0.471532 5.803545
0.474266 5.797824
0.477000 5.793335
0.479734 5.790172
0.482468 5.788423
0.485202 5.788166
0.487936 5.789464
0.490670 5.792374
0.493404 5.796935
0.496138 5.803178
0.498872 5.811118
0.501606 5.820760
0.504340 5.832094
0.507074 5.845097
0.509808 5.859736
0.512542 5.875965
0.515276 5.893727
0.518010 5.912954
0.520744 5.933570
0.523478 5.955487
0.526212 5.978614
0.528946 6.002850
0.531680 6.028088
0.534414 6.054217
0.537148 6.081124
0.539882 6.108691
0.542616 6.136798
0.545350 6.165327
0.548084 6.194158
0.550818 6.223172
0.553552 6.252253
0.556286 6.281285
0.559020 6.310159
0.561754 6.338767
0.564488 6.367005
0.567222 6.394776
0.569956 6.421985
0.572690 6.448546
0.575424 6.474376
0.578158 6.499399
0.580892 6.523543
0.583626 6.546744
0.586360 6.568945
0.589094 6.590091

0.589094 6.590091
0.591828 6.579479
0.594562 6.568229
0.597296 6.556318
0.600030 6.543717
0.602764 6.530398
0.605498 6.516330
0.608232 6.501482
0.610966 6.485817
0.613700 6.469302
0.616434 6.451898
0.619168 6.433567
0.621902 6.414270
0.624636 6.393965
0.627370 6.372612
0.630104 6.350168
0.632838 6.326590
0.635572 6.301836
0.638306 6.275863
0.641040 6.248629
0.643774 6.220090
0.646508 6.190206
0.649242 6.158936
0.651976 6.126241
0.654710 6.092081
0.657444 6.056422
0.660178 6.019227
0.662912 5.980464
0.665646 5.940102
0.668380 5.898114
0.671114 5.854472
0.673848 5.809154
0.676582 5.762140
0.679316 5.713412
0.682050 5.662957
0.684784 5.610763
0.687518 5.556824
0.690252 5.501136
0.692986 5.443697
0.695720 5.384511
0.698454 5.323584
0.701188 5.260928
0.703922 5.196555
0.706656 5.130483
0.709390 5.062733
0.712124 4.993330
0.714858 4.922302
0.717592 4.849680
0.720326 4.775498
0.723060 4.699794
0.725794 4.622608
0.728528 4.543985
0.731262 4.463970
0.733996 4.382612
0.736730 4.299963
0.739464 4.216074
0.742198 4.131001
0.744932 4.044802
0.747666 3.957534
0.750400 3.869257
0.753134 3.780031
0.755868 3.689918
0.758602 3.598980
0.761336 3.507279
0.764070 3.414876
0.766804 3.321834
0.769538 3.228214
0.772272 3.134076
0.775006 3.039480
0.777740 2.944485
0.780474 2.849146
0.783208 2.753519
0.785942 2.657657
0.788676 2.561610
0.791410 2.465427
0.794144 2.369153
0.796878 2.272832
0.799612 2.176501
0.802346 2.080200
0.805080 1.983960
0.807814 1.887813
0.810548 1.791784
0.813282 1.695896
0.816016 1.600170
0.818750 1.504621
0.821484 1.409260
0.824218 1.314098
0.826952 1.219139
0.829686 1.124385
0.832420 1.029834
0.835154 0.935482
0.837888 0.841322
0.840622 0.747342
0.843356 0.653529
0.846090 0.559869
0.848824 0.466343
0.851558 0.372932
0.854292 0.279615
0.857026 0.186370
0.859760 0.093173
0.862494 0.000050

0.862494 0.000050
0.864726 0.065885
0.866958 0.131772
0.869191 0.197663
0.871423 0.263558
0.873655 0.329459
0.875888 0.395367
0.878120 0.461283
0.880352 0.527206
0.882584 0.593135
0.884817 0.659071
0.887049 0.725009
0.889281 0.790948
0.891514 0.856884
0.893746 0.922813
0.895978 0.988729
0.898211 1.054626
0.900443 1.120496
0.902675 1.186331
0.904907 1.252122
0.907140 1.317858
0.909372 1.383528
0.911604 1.449118
0.913837 1.514615
0.916069 1.580005
0.918301 1.645271
0.920534 1.710397
0.922766 1.775365
0.924998 1.840156
0.927230 1.904750
0.929463 1.969128
0.931695 2.033266
0.933927 2.097145
0.936160 2.160740
0.938392 2.224028
0.940624 2.286984
0.942856 2.349585
0.945089 2.411805
0.947321 2.473618
0.949553 2.534999
0.951786 2.595921
0.954018 2.656358
0.956250 2.716283
0.958483 2.775670
0.960715 2.834491
0.962947 2.892721
0.965179 2.950333
0.967412 3.007301
0.969644 3.063597
0.971876 3.119198
0.974109 3.174076
0.976341 3.228208
0.978573 3.281569
0.980806 3.334134
0.983038 3.385880
0.985270 3.436784
0.987502 3.486824
0.989735 3.535978
0.991967 3.584226
0.994199 3.631546
0.996432 3.677920
0.998664 3.723329
1.000896 3.767754
1.003129 3.811180
1.005361 3.853588
1.007593 3.894965
1.009825 3.935295
1.012058 3.974563
1.014290 4.012758
1.016522 4.049867
1.018755 4.085878
1.020987 4.120780
1.023219 4.154563
1.025451 4.187219
1.027684 4.218738
1.029916 4.249113
1.032148 4.278336
1.034381 4.306400
1.036613 4.333301
1.038845 4.359032
1.041078 4.383588
1.043310 4.406965
1.045542 4.429160
1.047775 4.450169
1.050007 4.469988
1.052239 4.488615
1.054471 4.506048
1.056704 4.522285
1.058936 4.537324
1.061168 4.551164
1.063401 4.563804
1.065633 4.575242
1.067865 4.585478
1.070097 4.594510
1.072330 4.602340
1.074562 4.608965
1.076794 4.614386
1.079027 4.618603
1.081259 4.621615
1.083491 4.623423
1.085724 4.624025

1.085724 4.624025
1.087302 4.624720
1.088880 4.626804
1.090459 4.630272
1.092037 4.635116
1.093616 4.641324
1.095194 4.648882
1.096773 4.657773
1.098351 4.667977
1.099930 4.679470
1.101508 4.692226
1.103087 4.706217
1.104665 4.721413
1.106244 4.737780
1.107822 4.755283
1.109401 4.773885
1.110979 4.793547
1.112558 4.814230
1.114136 4.835891
1.115715 4.858488
1.117293 4.881977
1.118872 4.906312
1.120450 4.931449
1.122029 4.957342
1.123607 4.983943
1.125185 5.011207
1.126764 5.039087
1.128342 5.067537
1.129921 5.096508
1.131499 5.125957
1.133078 5.155836
1.134656 5.186100
1.136235 5.216705
1.137813 5.247607
1.139392 5.278762
1.140970 5.310128
1.142549 5.341663
1.144127 5.373326
1.145706 5.405078
1.147284 5.436881
1.148862 5.468696
1.150441 5.500487
1.152019 5.532218
1.153598 5.563855
1.155176 5.595366
1.156755 5.626718
1.158333 5.657880
1.159912 5.688822
1.161490 5.719517
1.163069 5.749936
1.164647 5.780054
1.166226 5.809845
1.167804 5.839286
1.169383 5.868353
1.170961 5.897026
1.172540 5.925282
1.174118 5.953104
1.175696 5.980472
1.177275 6.007368
1.178853 6.033777
1.180432 6.059682
1.182010 6.085069
1.183589 6.109924
1.185167 6.134234
1.186746 6.157988
1.188324 6.181173
1.189903 6.203275
1.191481 6.215805
1.193060 6.228271
1.194638 6.240671
1.196217 6.253001
1.197795 6.265262
1.199374 6.277451
1.200952 6.289567
1.202531 6.301610
1.204109 6.313578
1.205688 6.325473
1.207266 6.337292
1.208845 6.349037
1.210423 6.360707
1.212001 6.372304
1.213580 6.383826
1.215158 6.395275
1.216737 6.406652
1.218315 6.417958
1.219894 6.429193
1.221472 6.440358
1.223051 6.451456
1.224629 6.462486
1.226208 6.473450
1.227786 6.484350
1.229365 6.495186
1.230943 6.505961
1.232522 6.516675
1.234100 6.527330
1.235678 6.537928
1.237257 6.548468
1.238835 6.558954
1.240414 6.569385
1.241992 6.579764
1.243571 6.590091


0.000000 0.000050
0.003157 0.093177
0.006314 0.186367
0.009471 0.279580
0.012628 0.372827
0.015785 0.466119
0.018942 0.559464
0.022099 0.652871
0.025256 0.746343
0.028413 0.839886
0.031570 0.933499
0.034726 1.027183
0.037883 1.120933
0.041040 1.214742
0.044197 1.308601
0.047354 1.402497
0.050511 1.496415
0.053668 1.590334
0.056825 1.684232
0.059982 1.778084
0.063139 1.871860
0.066296 1.965528
0.069453 2.059053
0.072610 2.152395
0.075767 2.245513
0.078924 2.338363
0.082081 2.430897
0.085237 2.523065
0.088395 2.614815
0.091551 2.706093
0.094708 2.796842
0.097865 2.887004
0.101022 2.976520
0.104179 3.065329
0.107336 3.153369
0.110493 3.240577
0.113650 3.326891
0.116807 3.412247
0.119964 3.496583
0.123121 3.579835
0.126278 3.661941
0.129435 3.742839
0.132592 3.822471
0.135749 3.900777
0.138906 3.977699
0.142063 4.053184
0.145220 4.127176
0.148376 4.199627
0.151533 4.270486
0.154690 4.339710
0.157847 4.407256
0.161004 4.473083
0.164161 4.537157
0.167318 4.599444
0.170475 4.659916
0.173632 4.718547
0.176789 4.775317
0.179946 4.830206
0.183103 4.883202
0.186260 4.934296
0.189417 4.983481
0.192574 5.030757
0.195731 5.076127
0.198888 5.119597
0.202045 5.161178
0.205202 5.200885
0.208359 5.238738
0.211515 5.274758
0.214672 5.308971
0.217829 5.341409
0.220986 5.372104
0.224143 5.401093
0.227300 5.428415
0.230457 5.454112
0.233614 5.478230
0.236771 5.500816
0.239928 5.521920
0.243085 5.541592
0.246242 5.559886
0.249399 5.576855
0.252556 5.592554
0.255713 5.607038
0.258870 5.620364
0.262026 5.632587
0.265184 5.643761
0.268340 5.653941
0.271497 5.663180
0.274654 5.671530
0.277811 5.679040
0.280968 5.685758
0.284125 5.691729
0.287282 5.696996
0.290439 5.701598
0.293596 5.705570
0.296753 5.708945
0.299910 5.711751
0.303067 5.714013
0.306224 5.715751
0.309381 5.716981
0.312538 5.717714
0.315695 5.717958

0.315695 5.717958
0.318429 5.718539
0.321163 5.720281
0.323897 5.723175
0.326631 5.727211
0.329365 5.732373
0.332099 5.738640
0.334833 5.745989
0.337567 5.754390
0.340301 5.763812
0.343035 5.774220
0.345769 5.785574
0.348503 5.797834
0.351237 5.810955
0.353971 5.824890
0.356705 5.839592
0.359439 5.855012
0.362173 5.871097
0.364907 5.887797
0.367640 5.905058
0.370374 5.922829
0.373109 5.941056
0.375843 5.959687
0.378576 5.978670
0.381310 5.997955
0.384045 6.017491
0.386779 6.037230
0.389512 6.057125
0.392246 6.077129
0.394981 6.097199
0.397715 6.117292
0.400448 6.137369
0.403182 6.157390
0.405917 6.177320
0.408651 6.197123
0.411384 6.216768
0.414119 6.236225
0.416853 6.255464
0.419586 6.274460
0.422320 6.293187
0.425055 6.311624
0.427789 6.329749
0.430522 6.347543
0.433256 6.364988
0.435990 6.382068
0.438724 6.398768
0.441458 6.415075
0.444192 6.430976
0.446926 6.446461
0.449660 6.461519
0.452394 6.476141
0.455128 6.490319
0.457862 6.504045
0.460596 6.517313
0.463330 6.530117
0.466064 6.542451
0.468798 6.554310
0.471532 6.565691
0.474266 6.576588
0.477000 6.586999
0.479734 6.596920
0.482468 6.606350
0.485202 6.615285
0.487936 6.623724
0.490670 6.631665
0.493404 6.639107
0.496138 6.646050
0.498872 6.652493
0.501606 6.658435
0.504340 6.663877
0.507074 6.668819
0.509808 6.673263
0.512542 6.677209
0.515276 6.680660
0.518010 6.683616
0.520744 6.686079
0.523478 6.688052
0.526212 6.689538
0.528946 6.690537
0.531680 6.691054
0.534414 6.691089
0.537148 6.690646
0.539882 6.689727
0.542616 6.688332
0.545350 6.686464
0.548084 6.684123
0.550818 6.681310
0.553552 6.678024
0.556286 6.674264
0.559020 6.670028
0.561754 6.665312
0.564488 6.660112
0.567222 6.654422
0.569956 6.648236
0.572690 6.641544
0.575424 6.634337
0.578158 6.626602
0.580892 6.618327
0.583626 6.609495
0.586360 6.600090
0.589094 6.590091

0.589094 6.590091
0.591828 6.579479
0.594562 6.568229
0.597296 6.556318
0.600030 6.543717
0.602764 6.530398
0.605498 6.516330
0.608232 6.501482
0.610966 6.485817
0.613700 6.469302
0.616434 6.451898
0.619168 6.433567
0.621902 6.414270
0.624636 6.393965
0.627370 6.372612
0.630104 6.350168
0.632838 6.326590
0.635572 6.301836
0.638306 6.275863
0.641040 6.248629
0.643774 6.220090
0.646508 6.190206
0.649242 6.158936
0.651976 6.126241
0.654710 6.092081
0.657444 6.056422
0.660178 6.019227
0.662912 5.980464
0.665646 5.940102
0.668380 5.898114
0.671114 5.854472
0.673848 5.809154
0.676582 5.762140
0.679316 5.713412
0.682050 5.662957
0.684784 5.610763
0.687518 5.556824
0.690252 5.501136
0.692986 5.443697
0.695720 5.384511
0.698454 5.323584
0.701188 5.260928
0.703922 5.196555
0.706656 5.130483
0.709390 5.062733
0.712124 4.993330
0.714858 4.922302
0.717592 4.849680
0.720326 4.775498
0.723060 4.699794
0.725794 4.622608
0.728528 4.543985
0.731262 4.463970
0.733996 4.382612
0.736730 4.299963
0.739464 4.216074
0.742198 4.131001
0.744932 4.044802
0.747666 3.957534
0.750400 3.869257
0.753134 3.780031
0.755868 3.689918
0.758602 3.598980
0.761336 3.507279
0.764070 3.414876
0.766804 3.321834
0.769538 3.228214
0.772272 3.134076
0.775006 3.039480
0.777740 2.944485
0.780474 2.849146
0.783208 2.753519
0.785942 2.657657
0.788676 2.561610
0.791410 2.465427
0.794144 2.369153
0.796878 2.272832
0.799612 2.176501
0.802346 2.080200
0.805080 1.983960
0.807814 1.887813
0.810548 1.791784
0.813282 1.695896
0.816016 1.600170
0.818750 1.504621
0.821484 1.409260
0.824218 1.314098
0.826952 1.219139
0.829686 1.124385
0.832420 1.029834
0.835154 0.935482
0.837888 0.841322
0.840622 0.747342
0.843356 0.653529
0.846090 0.559869
0.848824 0.466343
0.851558 0.372932
0.854292 0.279615
0.857026 0.186370
0.859760 0.093173
0.862494 0.000050

0.862494 0.000050
0.864726 0.080684
0.866958 0.161360
0.869191 0.242023
0.871423 0.322664
0.873655 0.403277
0.875888 0.483855
0.878120 0.564391
0.880352 0.644875
0.882584 0.725302
0.884817 0.805662
0.887049 0.885949
0.889281 0.966152
0.891514 1.046263
0.893746 1.126274
0.895978 1.206173
0.898211 1.285953
0.900443 1.365601
0.902675 1.445107
0.904907 1.524460
0.907140 1.603648
0.909372 1.682658
0.911604 1.761477
0.913837 1.840092
0.916069 1.918488
0.918301 1.996650
0.920534 2.074563
0.922766 2.152210
0.924998 2.229575
0.927230 2.306639
0.929463 2.383385
0.931695 2.459793
0.933927 2.535844
0.936160 2.611516
0.938392 2.686790
0.940624 2.761642
0.942856 2.836050
0.945089 2.909992
0.947321 2.983442
0.949553 3.056377
0.951786 3.128772
0.954018 3.200601
0.956250 3.271838
0.958483 3.342456
0.960715 3.412428
0.962947 3.481728
0.965179 3.550328
0.967412 3.618199
0.969644 3.685315
0.971876 3.751646
0.974109 3.817164
0.976341 3.881842
0.978573 3.945651
0.980806 4.008563
0.983038 4.070550
0.985270 4.131586
0.987502 4.191642
0.989735 4.250691
0.991967 4.308708
0.994199 4.365667
0.996432 4.421541
0.998664 4.476307
1.000896 4.529940
1.003129 4.582416
1.005361 4.633714
1.007593 4.683812
1.009825 4.732688
1.012058 4.780322
1.014290 4.826695
1.016522 4.871789
1.018755 4.915585
1.020987 4.958068
1.023219 4.999222
1.025451 5.039033
1.027684 5.077485
1.029916 5.114567
1.032148 5.150267
1.034381 5.184573
1.036613 5.217476
1.038845 5.248965
1.041078 5.279033
1.043310 5.307671
1.045542 5.334872
1.047775 5.360631
1.050007 5.384941
1.052239 5.407797
1.054471 5.429195
1.056704 5.449131
1.058936 5.467601
1.061168 5.484603
1.063401 5.500133
1.065633 5.514190
1.067865 5.526771
1.070097 5.537876
1.072330 5.547502
1.074562 5.555649
1.076794 5.562316
1.079027 5.567502
1.081259 5.571207
1.083491 5.573429
1.085724 5.574170

1.085724 5.574170
1.087302 5.574389
1.088880 5.575045
1.090459 5.576137
1.092037 5.577664
1.093616 5.579624
1.095194 5.582013
1.096773 5.584829
1.098351 5.588068
1.099930 5.591725
1.101508 5.595796
1.103087 5.600275
1.104665 5.605156
1.106244 5.610433
1.107822 5.616098
1.109401 5.622144
1.110979 5.628563
1.112558 5.635348
1.114136 5.642489
1.115715 5.649977
1.117293 5.657804
1.118872 5.665959
1.120450 5.674432
1.122029 5.683213
1.123607 5.692292
1.125185 5.701659
1.126764 5.711301
1.128342 5.721209
1.129921 5.731371
1.131499 5.741776
1.133078 5.752413
1.134656 5.763271
1.136235 5.774337
1.137813 5.785602
1.139392 5.797053
1.140970 5.808679
1.142549 5.820469
1.144127 5.832413
1.145706 5.844499
1.147284 5.856716
1.148862 5.869053
1.150441 5.881502
1.152019 5.894050
1.153598 5.906688
1.155176 5.919407
1.156755 5.932196
1.158333 5.945046
1.159912 5.957949
1.161490 5.970896
1.163069 5.983877
1.164647 5.996886
1.166226 6.009914
1.167804 6.022953
1.169383 6.035996
1.170961 6.049038
1.172540 6.062069
1.174118 6.075086
1.175696 6.088082
1.177275 6.101050
1.178853 6.113987
1.180432 6.126886
1.182010 6.139744
1.183589 6.152557
1.185167 6.165319
1.186746 6.178029
1.188324 6.190681
1.189903 6.203780
1.191481 6.225799
1.193060 6.247220
1.194638 6.268036
1.196217 6.288239
1.197795 6.307822
1.199374 6.326779
1.200952 6.345103
1.202531 6.362789
1.204109 6.379834
1.205688 6.396231
1.207266 6.411978
1.208845 6.427070
1.210423 6.441506
1.212001 6.455281
1.213580 6.468395
1.215158 6.480843
1.216737 6.492626
1.218315 6.503741
1.219894 6.514186
1.221472 6.523961
1.223051 6.533064
1.224629 6.541496
1.226208 6.549254
1.227786 6.556340
1.229365 6.562751
1.230943 6.568488
1.232522 6.573551
1.234100 6.577939
1.235678 6.581652
1.237257 6.584690
1.238835 6.587053
1.240414 6.588741
1.241992 6.589754
1.243571 6.590091


0.000000 0.000050
0.003157 0.201553
0.006314 0.402915
0.009471 0.603894
0.012628 0.804301
0.015785 1.003948
0.018942 1.202650
0.022099 1.400223
0.025256 1.596487
0.028413 1.791267
0.031570 1.984391
0.034726 2.175691
0.037883 2.365007
0.041040 2.552181
0.044197 2.737062
0.047354 2.919506
0.050511 3.099373
0.053668 3.276532
0.056825 3.450856
0.059982 3.622226
0.063139 3.790530
0.066296 3.955661
0.069453 4.117519
0.072610 4.276012
0.075767 4.431053
0.078924 4.582560
0.082081 4.730460
0.085237 4.874681
0.088395 5.015162
0.091551 5.151841
0.094708 5.284665
0.097865 5.413584
0.101022 5.538552
0.104179 5.659525
0.107336 5.776464
0.110493 5.889333
0.113650 5.998097
0.116807 6.102723
0.119964 6.203181
0.123121 6.299442
0.126278 6.391478
0.129435 6.479263
0.132592 6.562769
0.135749 6.641973
0.138906 6.716848
0.142063 6.787371
0.145220 6.853519
0.148376 6.915269
0.151533 6.972598
0.154690 7.025487
0.157847 7.073915
0.161004 7.117866
0.164161 7.157324
0.167318 7.192277
0.170475 7.222716
0.173632 7.248634
0.176789 7.270031
0.179946 7.286911
0.183103 7.299284
0.186260 7.307167
0.189417 7.310583
0.192574 7.309564
0.195731 7.304154
0.198888 7.294402
0.202045 7.280373
0.205202 7.262139
0.208359 7.239789
0.211515 7.213424
0.214672 7.183158
0.217829 7.149124
0.220986 7.111467
0.224143 7.070352
0.227300 7.025961
0.230457 6.978494
0.233614 6.928170
0.236771 6.875228
0.239928 6.819926
0.243085 6.762542
0.246242 6.703374
0.249399 6.642740
0.252556 6.580977
0.255713 6.518442
0.258870 6.455506
0.262026 6.392561
0.265184 6.330009
0.268340 6.268269
0.271497 6.207765
0.274654 6.148931
0.277811 6.092203
0.280968 6.038017
0.284125 5.986801
0.287282 5.938976
0.290439 5.894943
0.293596 5.855086
0.296753 5.819758
0.299910 5.789281
0.303067 5.763938
0.306224 5.743970
0.309381 5.729566
0.312538 5.720867
0.315695 5.717958

0.315695 5.717958
0.318429 5.718613
0.321163 5.720572
0.323897 5.723815
0.326631 5.728310
0.329365 5.734013
0.332099 5.740869
0.334833 5.748810
0.337567 5.757760
0.340301 5.767630
0.343035 5.778328
0.345769 5.789750
0.348503 5.801787
0.351237 5.814327
0.353971 5.827252
0.356705 5.840441
0.359439 5.855012
0.362173 5.871097
0.364907 5.887797
0.367640 5.905058
0.370374 5.922829
0.373109 5.941056
0.375843 5.959687
0.378576 5.978670
0.381310 5.997955
0.384045 6.017491
0.386779 6.037230
0.389512 6.057125
0.392246 6.077129
0.394981 6.097199
0.397715 6.117292
0.400448 6.137369
0.403182 6.157390
0.405917 6.177320
0.408651 6.197123
0.411384 6.216768
0.414119 6.236225
0.416853 6.255464
0.419586 6.274460
0.422320 6.293187
0.425055 6.311624
0.427789 6.329749
0.430522 6.347543
0.433256 6.364988
0.435990 6.382068
0.438724 6.398768
0.441458 6.415075
0.444192 6.430976
0.446926 6.446461
0.449660 6.461519
0.452394 6.476141
0.455128 6.490319
0.457862 6.504045
0.460596 6.517313
0.463330 6.530117
0.466064 6.542451
0.468798 6.554310
0.471532 6.565691
0.474266 6.576588
0.477000 6.586999
0.479734 6.596920
0.482468 6.606350
0.485202 6.615285
0.487936 6.623724
0.490670 6.631665
0.493404 6.639107
0.496138 6.646050
0.498872 6.652493
0.501606 6.658435
0.504340 6.663877
0.507074 6.668819
0.509808 6.673263
0.512542 6.677209
0.515276 6.680660
0.518010 6.683616
0.520744 6.686079
0.523478 6.688052
0.526212 6.689538
0.528946 6.690537
0.531680 6.691054
0.534414 6.691089
0.537148 6.690646
0.539882 6.689727
0.542616 6.688332
0.545350 6.686464
0.548084 6.684123
0.550818 6.681310
0.553552 6.678024
0.556286 6.674264
0.559020 6.670028
0.561754 6.665312
0.564488 6.660112
0.567222 6.654422
0.569956 6.648236
0.572690 6.641544
0.575424 6.634337
0.578158 6.626602
0.580892 6.618327
0.583626 6.609495
0.586360 6.600090
0.589094 6.590091

0.589094 6.590091
0.591828 6.610137
0.594562 6.629040
0.597296 6.646766
0.600030 6.663284
0.602764 6.678567
0.605498 6.692596
0.608232 6.705353
0.610966 6.716826
0.613700 6.727006
0.616434 6.735887
0.619168 6.743466
0.621902 6.749742
0.624636 6.754717
0.627370 6.758393
0.630104 6.760774
0.632838 6.761864
0.635572 6.761668
0.638306 6.760191
0.641040 6.757435
0.643774 6.753404
0.646508 6.748099
0.649242 6.741520
0.651976 6.733665
0.654710 6.724528
0.657444 6.714102
0.660178 6.702377
0.662912 6.689341
0.665646 6.674976
0.668380 6.659263
0.671114 6.642179
0.673848 6.623698
0.676582 6.603789
0.679316 6.582420
0.682050 6.559555
0.684784 6.535152
0.687518 6.509169
0.690252 6.481560
0.692986 6.452276
0.695720 6.421267
0.698454 6.388478
0.701188 6.353854
0.703922 6.317338
0.706656 6.278870
0.709390 6.238391
0.712124 6.195841
0.714858 6.151158
0.717592 6.104282
0.720326 6.055151
0.723060 6.003706
0.725794 5.949887
0.728528 5.893636
0.731262 5.834899
0.733996 5.773620
0.736730 5.709748
0.739464 5.643235
0.742198 5.574035
0.744932 5.502105
0.747666 5.427407
0.750400 5.349906
0.753134 5.269571
0.755868 5.186375
0.758602 5.100297
0.761336 5.011319
0.764070 4.919430
0.766804 4.824622
0.769538 4.726893
0.772272 4.626246
0.775006 4.522691
0.777740 4.416241
0.780474 4.306916
0.783208 4.194742
0.785942 4.079749
0.788676 3.961974
0.791410 3.841458
0.794144 3.718249
0.796878 3.592399
0.799612 3.463968
0.802346 3.333018
0.805080 3.199618
0.807814 3.063841
0.810548 2.925767
0.813282 2.785477
0.816016 2.643062
0.818750 2.498611
0.821484 2.352223
0.824218 2.203998
0.826952 2.054040
0.829686 1.902457
0.832420 1.749361
0.835154 1.594866
0.837888 1.439091
0.840622 1.282155
0.843356 1.124181
0.846090 0.965293
0.848824 0.805620
0.851558 0.645289
0.854292 0.484430
0.857026 0.323174
0.859760 0.161653
0.862494 0.000050

0.862494 0.000050
0.864726 0.134709
0.866958 0.269363
0.869191 0.403906
0.871423 0.538283
0.873655 0.672438
0.875888 0.806317
0.878120 0.939865
0.880352 1.073027
0.882584 1.205747
0.884817 1.337973
0.887049 1.469650
0.889281 1.600724
0.891514 1.731143
0.893746 1.860852
0.895978 1.989800
0.898211 2.117934
0.900443 2.245204
0.902675 2.371557
0.904907 2.496944
0.907140 2.621314
0.909372 2.744618
0.911604 2.866808
0.913837 2.987836
0.916069 3.107655
0.918301 3.226218
0.920534 3.343479
0.922766 3.459395
0.924998 3.573922
0.927230 3.687016
0.929463 3.798637
0.931695 3.908743
0.933927 4.017296
0.936160 4.124256
0.938392 4.229587
0.940624 4.333253
0.942856 4.435220
0.945089 4.535454
0.947321 4.633923
0.949553 4.730599
0.951786 4.825451
0.954018 4.918454
0.956250 5.009581
0.958483 5.098809
0.960715 5.186117
0.962947 5.271485
0.965179 5.354894
0.967412 5.436328
0.969644 5.515773
0.971876 5.593217
0.974109 5.668650
0.976341 5.742065
0.978573 5.813454
0.980806 5.882816
0.983038 5.950147
0.985270 6.015451
0.987502 6.078728
0.989735 6.139985
0.991967 6.199230
0.994199 6.256472
0.996432 6.311723
0.998664 6.364999
1.000896 6.416315
1.003129 6.465690
1.005361 6.513145
1.007593 6.558703
1.009825 6.602389
1.012058 6.644229
1.014290 6.684253
1.016522 6.722491
1.018755 6.758975
1.020987 6.793738
1.023219 6.826816
1.025451 6.858244
1.027684 6.888059
1.029916 6.916301
1.032148 6.943009
1.034381 6.968221
1.036613 6.991978
1.038845 7.014320
1.041078 7.035289
1.043310 7.054924
1.045542 7.073265
1.047775 7.090353
1.050007 7.106225
1.052239 7.120920
1.054471 7.134475
1.056704 7.146925
1.058936 7.158305
1.061168 7.168646
1.063401 7.177979
1.065633 7.186333
1.067865 7.193734
1.070097 7.200206
1.072330 7.205770
1.074562 7.210446
1.076794 7.214249
1.079027 7.217193
1.081259 7.219288
1.083491 7.220542
1.085724 7.220960

1.085724 7.220960
1.087302 7.220884
1.088880 7.220657
1.090459 7.220278
1.092037 7.219748
1.093616 7.219066
1.095194 7.218233
1.096773 7.217248
1.098351 7.216113
1.099930 7.214826
1.101508 7.213388
1.103087 7.211799
1.104665 7.210059
1.106244 7.208169
1.107822 7.206129
1.109401 7.203938
1.110979 7.201598
1.112558 7.199107
1.114136 7.196468
1.115715 7.193679
1.117293 7.190742
1.118872 7.187657
1.120450 7.184423
1.122029 7.181043
1.123607 7.177516
1.125185 7.173843
1.126764 7.170024
1.128342 7.166060
1.129921 7.161952
1.131499 7.157701
1.133078 7.153308
1.134656 7.148773
1.136235 7.144097
1.137813 7.139282
1.139392 7.134328
1.140970 7.129237
1.142549 7.124010
1.144127 7.118648
1.145706 7.113152
1.147284 7.107525
1.148862 7.101766
1.150441 7.095879
1.152019 7.089864
1.153598 7.083723
1.155176 7.077458
1.156755 7.071070
1.158333 7.064562
1.159912 7.057935
1.161490 7.051192
1.163069 7.044334
1.164647 7.037363
1.166226 7.030281
1.167804 7.023091
1.169383 7.015795
1.170961 7.008395
1.172540 7.000892
1.174118 6.993290
1.175696 6.985591
1.177275 6.977797
1.178853 6.969909
1.180432 6.961932
1.182010 6.953866
1.183589 6.945714
1.185167 6.937479
1.186746 6.929163
1.188324 6.920767
1.189903 6.912295
1.191481 6.903748
1.193060 6.895129
1.194638 6.886439
1.196217 6.877682
1.197795 6.868858
1.199374 6.859969
1.200952 6.851019
1.202531 6.842008
1.204109 6.832938
1.205688 6.823810
1.207266 6.814628
1.208845 6.805391
1.210423 6.796101
1.212001 6.786760
1.213580 6.777368
1.215158 6.767927
1.216737 6.758438
1.218315 6.748901
1.219894 6.739318
1.221472 6.729688
1.223051 6.720013
1.224629 6.710292
1.226208 6.700526
1.227786 6.690716
1.229365 6.680861
1.230943 6.670960
1.232522 6.661015
1.234100 6.651024
1.235678 6.640987
1.237257 6.630904
1.238835 6.620773
1.240414 6.610595
1.241992 6.600368
1.243571 6.590091


