128  
1    

1    
  0.1000000000000000   0.0000000000000000   0.0000000000000000
  -1.2657500095    0.0000000002    0.0000000002
   0.2883259905    0.0000000002    0.0000000002
   0.0189035905    0.0000000002    0.0000000002
   0.2061299905    0.0000000002    0.0000000002
  -0.0032839395    0.0046026199    0.0000000002
   0.0153536905    0.0116560999    0.0000000002
  -0.0001549755   -0.0000823947    0.0000000002
   0.0131727905   -0.0094035801    0.0000000002
   0.0012020005    0.0000000002    0.0000000002
  -0.0008223115    0.0000000002    0.0000000002
   0.0007652535    0.0000000002    0.0000000002
  -0.0007481215    0.0000000002    0.0000000002
  -0.0032839395   -0.0046026201    0.0000000002
   0.0153536905   -0.0116561001    0.0000000002
  -0.0001549755    0.0000823951    0.0000000002
   0.0131727905    0.0094035799    0.0000000002
  -0.0032839395    0.0000000002    0.0046026199
   0.0153536905    0.0000000002    0.0116560999
  -0.0001549755    0.0000000002   -0.0000823947
   0.0131727905    0.0000000002   -0.0094035801
  -0.0108732095    0.0029490799    0.0029490799
   0.0066265405    0.0106892999    0.0106892999
  -0.0003380645   -0.0000238379   -0.0000238379
   0.0073299305   -0.0092804901   -0.0092804901
  -0.0004307045    0.0000000002    0.0000185484
   0.0000282504    0.0000000002   -0.0001742621
  -0.0000000092    0.0000000002    0.0000000002
   0.0000218566    0.0000000002    0.0001338139
  -0.0108732095   -0.0029490801    0.0029490799
   0.0066265405   -0.0106893001    0.0106892999
  -0.0003380645    0.0000238383   -0.0000238379
   0.0073299305    0.0092804999   -0.0092804901
   0.0012020005    0.0000000002    0.0000000002
  -0.0008223115    0.0000000002    0.0000000002
   0.0007652535    0.0000000002    0.0000000002
  -0.0007481215    0.0000000002    0.0000000002
  -0.0004307045    0.0000185484    0.0000000002
   0.0000282504   -0.0001742621    0.0000000002
  -0.0000000092    0.0000000002    0.0000000002
   0.0000218566    0.0001338139    0.0000000002
  -0.0000724113    0.0000000002    0.0000000002
  -0.0000000092    0.0000000002    0.0000000002
  -0.0000000092    0.0000000002    0.0000000002
  -0.0000000092    0.0000000002    0.0000000002
  -0.0004307045   -0.0000185480    0.0000000002
   0.0000282504    0.0001742619    0.0000000002
  -0.0000000092    0.0000000002    0.0000000002
   0.0000218566   -0.0001338131    0.0000000002
  -0.0032839395    0.0000000002   -0.0046026201
   0.0153536905    0.0000000002   -0.0116561001
  -0.0001549755    0.0000000002    0.0000823951
   0.0131727905    0.0000000002    0.0094035799
  -0.0108732095    0.0029490799   -0.0029490801
   0.0066265405    0.0106892999   -0.0106893001
  -0.0003380645   -0.0000238379    0.0000238383
   0.0073299305   -0.0092804901    0.0092804999
  -0.0004307045    0.0000000002   -0.0000185480
   0.0000282504    0.0000000002    0.0001742619
  -0.0000000092    0.0000000002    0.0000000002
   0.0000218566    0.0000000002   -0.0001338131
  -0.0108732095   -0.0029490801   -0.0029490801
   0.0066265405   -0.0106893001   -0.0106893001
  -0.0003380645    0.0000238383    0.0000238383
   0.0073299305    0.0092804999    0.0092804999
   0.1072829905    0.0591169999    0.0591169999
  -0.0035082795    0.0004768989    0.0004768989
  -0.0037286495   -0.0012845601   -0.0012845601
   0.0708166905   -0.0443395001   -0.0443395001
  -0.0011969095    0.0020936399    0.0029021999
  -0.0008887665   -0.0005997201    0.0002295449
  -0.0009587075    0.0006329469   -0.0000897957
  -0.0015501195    0.0004039889   -0.0024329801
  -0.0011969095   -0.0020936401    0.0029021999
  -0.0008887665    0.0005997189    0.0002295449
  -0.0009587075   -0.0006329481   -0.0000897957
  -0.0015501195   -0.0004039901   -0.0024329801
   0.1072829905   -0.0591170001    0.0591169999
  -0.0035082795   -0.0004769001    0.0004768989
  -0.0037286495    0.0012845599   -0.0012845601
   0.0708166905    0.0443394999   -0.0443395001
  -0.0011969095    0.0029021999    0.0020936399
  -0.0008887665    0.0002295449   -0.0005997201
  -0.0009587075   -0.0000897957    0.0006329469
  -0.0015501195   -0.0024329801    0.0004039889
  -0.0006314855    0.0002124259    0.0002124259
  -0.0000000098   -0.0000000005   -0.0000000005
  -0.0000000098   -0.0000000005   -0.0000000005
  -0.0005770885   -0.0001616131   -0.0001616131
  -0.0006314855   -0.0002124271    0.0002124259
  -0.0000000098   -0.0000000005   -0.0000000005
  -0.0000000098   -0.0000000005   -0.0000000005
  -0.0005770885    0.0001616119   -0.0001616131
  -0.0011969095   -0.0029022001    0.0020936399
  -0.0008887665   -0.0002295451   -0.0005997201
  -0.0009587075    0.0000897948    0.0006329469
  -0.0015501195    0.0024329799    0.0004039889
  -0.0011969095    0.0029021999   -0.0020936401
  -0.0008887665    0.0002295449    0.0005997189
  -0.0009587075   -0.0000897957   -0.0006329481
  -0.0015501195   -0.0024329801   -0.0004039901
  -0.0006314855    0.0002124259   -0.0002124271
  -0.0000000098   -0.0000000005   -0.0000000005
  -0.0000000098   -0.0000000005   -0.0000000005
  -0.0005770885   -0.0001616131    0.0001616119
  -0.0006314855   -0.0002124271   -0.0002124271
  -0.0000000098   -0.0000000005   -0.0000000005
  -0.0000000098   -0.0000000005   -0.0000000005
  -0.0005770885    0.0001616119    0.0001616119
  -0.0011969095   -0.0029022001   -0.0020936401
  -0.0008887665   -0.0002295451    0.0005997189
  -0.0009587075    0.0000897948   -0.0006329481
  -0.0015501195    0.0024329799   -0.0004039901
   0.1072829905    0.0591169999   -0.0591170001
  -0.0035082795    0.0004768989   -0.0004769001
  -0.0037286495   -0.0012845601    0.0012845599
   0.0708166905   -0.0443395001    0.0443394999
  -0.0011969095    0.0020936399   -0.0029022001
  -0.0008887665   -0.0005997201   -0.0002295451
  -0.0009587075    0.0006329469    0.0000897948
  -0.0015501195    0.0004039889    0.0024329799
  -0.0011969095   -0.0020936401   -0.0029022001
  -0.0008887665    0.0005997189   -0.0002295451
  -0.0009587075   -0.0006329481    0.0000897948
  -0.0015501195   -0.0004039901    0.0024329799
   0.1072829905   -0.0591170001   -0.0591170001
  -0.0035082795   -0.0004769001   -0.0004769001
  -0.0037286495    0.0012845599    0.0012845599
   0.0708166905    0.0443394999    0.0443394999
