   1  128
1 1
    12.657500095000003     0.000000000000000     0.000000000000000
    -0.000000000000000    12.657500094999996     0.000000000000000
     0.000000000000000    -0.000000000000000    12.657500094999996
1 2
    -2.472279905000001     0.000000000000000     0.000000000000000
    -0.000000000000000     0.032839395000000     0.000000000000000
    -0.000000000000000    -0.000000000000000     0.032839395000000
1 3
    -0.189035905000000     0.000000000000000     0.000000000000000
    -0.000000000000000    -0.012020005000000     0.000000000000000
     0.000000000000000    -0.000000000000000    -0.012020005000000
1 4
    -2.472279905000001     0.000000000000000     0.000000000000000
    -0.000000000000000     0.032839395000000     0.000000000000000
    -0.000000000000000    -0.000000000000000     0.032839395000000
1 5
     0.032839395000000     0.000000000000000     0.000000000000000
    -0.000000000000000    -2.472279904999999     0.000000000000000
     0.000000000000000    -0.000000000000000     0.032839395000000
1 6
    -0.142632405000000    -0.105298400000000     0.000000000000000
    -0.105298400000000    -0.142632405000000     0.000000000000000
    -0.000000000000000     0.000000000000000     0.108732095000000
1 7
     0.001549755000000     0.000000000000000     0.000000000000000
    -0.000000000000000     0.007852165000000     0.000000000000000
     0.000000000000000     0.000000000000000     0.004307045000000
1 8
    -0.142632405000000     0.105298400000000     0.000000000000000
     0.105298400000000    -0.142632405000000     0.000000000000000
    -0.000000000000000     0.000000000000000     0.108732095000000
1 9
    -0.012020005000000     0.000000000000000     0.000000000000000
    -0.000000000000000    -0.189035905000000     0.000000000000000
     0.000000000000000    -0.000000000000000    -0.012020005000000
1 10
     0.007852165000000     0.000000000000000     0.000000000000000
    -0.000000000000000     0.001549755000000     0.000000000000000
    -0.000000000000000    -0.000000000000000     0.004307045000000
1 11
    -0.007652535000000     0.000000000000000     0.000000000000000
    -0.000000000000000    -0.007652535000000     0.000000000000000
     0.000000000000000    -0.000000000000000     0.000724113000000
1 12
     0.007852165000000     0.000000000000000     0.000000000000000
    -0.000000000000000     0.001549755000000     0.000000000000000
    -0.000000000000000    -0.000000000000000     0.004307045000000
1 13
     0.032839395000000    -0.000000000000000     0.000000000000000
    -0.000000000000000    -2.472279904999999     0.000000000000000
     0.000000000000000    -0.000000000000000     0.032839395000000
1 14
    -0.142632405000000     0.105298400000000     0.000000000000000
     0.105298400000000    -0.142632405000000     0.000000000000000
    -0.000000000000000     0.000000000000000     0.108732095000000
1 15
     0.001549755000000     0.000000000000000     0.000000000000000
    -0.000000000000000     0.007852165000000     0.000000000000000
     0.000000000000000     0.000000000000000     0.004307045000000
1 16
    -0.142632405000000    -0.105298400000000     0.000000000000000
    -0.105298400000000    -0.142632405000000     0.000000000000000
    -0.000000000000000     0.000000000000000     0.108732095000000
1 17
     0.032839395000000     0.000000000000000     0.000000000000000
    -0.000000000000000     0.032839395000000    -0.000000000000000
     0.000000000000000    -0.000000000000000    -2.472279904999999
1 18
    -0.142632405000000     0.000000000000000    -0.105298400000000
     0.000000000000000     0.108732095000000    -0.000000000000000
    -0.105298400000000    -0.000000000000000    -0.142632405000000
1 19
     0.001549755000000     0.000000000000000    -0.000000000000000
    -0.000000000000000     0.004307045000000    -0.000000000000000
     0.000000000000000    -0.000000000000000     0.007852165000000
1 20
    -0.142632405000000     0.000000000000000     0.105298400000000
     0.000000000000000     0.108732095000000    -0.000000000000000
     0.105298400000000    -0.000000000000000    -0.142632405000000
1 21
     0.108732095000000    -0.000000000000000     0.000000000000000
    -0.000000000000000    -0.142632405000000    -0.105298400000000
     0.000000000000000    -0.105298400000000    -0.142632405000000
1 22
    -0.069782355000000    -0.099848975000000    -0.099848975000000
    -0.099848975000000    -0.069782355000000    -0.099848975000000
    -0.099848975000000    -0.099848975000000    -0.069782355000000
1 23
     0.003380645000000    -0.000000000000000    -0.000000000000000
    -0.000000000000000    -0.000250535000000     0.001540377500000
     0.000000000000000     0.001540377500000    -0.000250535000000
1 24
    -0.069782355000000     0.099848975000000     0.099848975000000
     0.099848975000000    -0.069782355000000    -0.099848975000000
     0.099848975000000    -0.099848975000000    -0.069782355000000
1 25
     0.004307045000000     0.000000000000000    -0.000000000000000
    -0.000000000000000     0.001549755000000     0.000000000000000
     0.000000000000000    -0.000000000000000     0.007852165000000
1 26
    -0.000250535000000     0.000000000000000     0.001540377500000
     0.000000000000000     0.003380645000000    -0.000000000000000
     0.001540377500000    -0.000000000000000    -0.000250535000000
1 27
     0.000000092000000     0.000000000000000     0.000000000000000
    -0.000000000000000     0.000000092000000     0.000000000000000
     0.000000000000000    -0.000000000000000     0.000000092000000
1 28
    -0.000250535000000     0.000000000000000    -0.001540377500000
     0.000000000000000     0.003380645000000    -0.000000000000000
    -0.001540377500000    -0.000000000000000    -0.000250535000000
1 29
     0.108732095000000    -0.000000000000000     0.000000000000000
    -0.000000000000000    -0.142632405000000     0.105298400000000
     0.000000000000000     0.105298400000000    -0.142632405000000
1 30
    -0.069782355000000     0.099848975000000    -0.099848975000000
     0.099848975000000    -0.069782355000000     0.099848975000000
    -0.099848975000000     0.099848975000000    -0.069782355000000
1 31
     0.003380645000000     0.000000000000000    -0.000000000000000
    -0.000000000000000    -0.000250535000000    -0.001540377500000
     0.000000000000000    -0.001540377500000    -0.000250535000000
1 32
    -0.069782355000000    -0.099848975000000     0.099848975000000
    -0.099848975000000    -0.069782355000000     0.099848975000000
     0.099848975000000     0.099848975000000    -0.069782355000000
1 33
    -0.012020005000000     0.000000000000000     0.000000000000000
    -0.000000000000000    -0.012020005000000     0.000000000000000
     0.000000000000000    -0.000000000000000    -0.189035905000000
1 34
     0.007852165000000     0.000000000000000     0.000000000000000
     0.000000000000000     0.004307045000000     0.000000000000000
     0.000000000000000    -0.000000000000000     0.001549755000000
1 35
    -0.007652535000000     0.000000000000000     0.000000000000000
    -0.000000000000000     0.000724113000000     0.000000000000000
     0.000000000000000    -0.000000000000000    -0.007652535000000
1 36
     0.007852165000000     0.000000000000000     0.000000000000000
     0.000000000000000     0.004307045000000     0.000000000000000
     0.000000000000000    -0.000000000000000     0.001549755000000
1 37
     0.004307045000000    -0.000000000000000     0.000000000000000
    -0.000000000000000     0.007852165000000     0.000000000000000
     0.000000000000000    -0.000000000000000     0.001549755000000
1 38
    -0.000250535000000     0.001540377500000     0.000000000000000
     0.001540377500000    -0.000250535000000     0.000000000000000
    -0.000000000000000     0.000000000000000     0.003380645000000
1 39
     0.000000092000000     0.000000000000000     0.000000000000000
    -0.000000000000000     0.000000092000000     0.000000000000000
     0.000000000000000    -0.000000000000000     0.000000092000000
1 40
    -0.000250535000000    -0.001540377500000     0.000000000000000
    -0.001540377500000    -0.000250535000000     0.000000000000000
    -0.000000000000000     0.000000000000000     0.003380645000000
1 41
     0.000724113000000     0.000000000000000     0.000000000000000
    -0.000000000000000    -0.007652535000000     0.000000000000000
     0.000000000000000    -0.000000000000000    -0.007652535000000
1 42
     0.000000092000000     0.000000000000000     0.000000000000000
    -0.000000000000000     0.000000092000000     0.000000000000000
     0.000000000000000    -0.000000000000000     0.000000092000000
1 43
     0.000000092000000     0.000000000000000     0.000000000000000
    -0.000000000000000     0.000000092000000     0.000000000000000
     0.000000000000000    -0.000000000000000     0.000000092000000
1 44
     0.000000092000000     0.000000000000000     0.000000000000000
    -0.000000000000000     0.000000092000000     0.000000000000000
     0.000000000000000    -0.000000000000000     0.000000092000000
1 45
     0.004307045000000    -0.000000000000000     0.000000000000000
    -0.000000000000000     0.007852165000000     0.000000000000000
     0.000000000000000    -0.000000000000000     0.001549755000000
1 46
    -0.000250535000000    -0.001540377500000     0.000000000000000
    -0.001540377500000    -0.000250535000000     0.000000000000000
    -0.000000000000000     0.000000000000000     0.003380645000000
1 47
     0.000000092000000     0.000000000000000     0.000000000000000
    -0.000000000000000     0.000000092000000     0.000000000000000
     0.000000000000000    -0.000000000000000     0.000000092000000
1 48
    -0.000250535000000     0.001540377500000     0.000000000000000
     0.001540377500000    -0.000250535000000     0.000000000000000
    -0.000000000000000     0.000000000000000     0.003380645000000
1 49
     0.032839395000000     0.000000000000000    -0.000000000000000
    -0.000000000000000     0.032839395000000    -0.000000000000000
     0.000000000000000    -0.000000000000000    -2.472279904999999
1 50
    -0.142632405000000     0.000000000000000     0.105298400000000
     0.000000000000000     0.108732095000000    -0.000000000000000
     0.105298400000000    -0.000000000000000    -0.142632405000000
1 51
     0.001549755000000     0.000000000000000    -0.000000000000000
    -0.000000000000000     0.004307045000000    -0.000000000000000
     0.000000000000000    -0.000000000000000     0.007852165000000
1 52
    -0.142632405000000     0.000000000000000    -0.105298400000000
     0.000000000000000     0.108732095000000    -0.000000000000000
    -0.105298400000000    -0.000000000000000    -0.142632405000000
1 53
     0.108732095000000    -0.000000000000000     0.000000000000000
    -0.000000000000000    -0.142632405000000     0.105298400000000
     0.000000000000000     0.105298400000000    -0.142632405000000
1 54
    -0.069782355000000    -0.099848975000000     0.099848975000000
    -0.099848975000000    -0.069782355000000     0.099848975000000
     0.099848975000000     0.099848975000000    -0.069782355000000
1 55
     0.003380645000000    -0.000000000000000     0.000000000000000
    -0.000000000000000    -0.000250535000000    -0.001540377500000
     0.000000000000000    -0.001540377500000    -0.000250535000000
1 56
    -0.069782355000000     0.099848975000000    -0.099848975000000
     0.099848975000000    -0.069782355000000     0.099848975000000
    -0.099848975000000     0.099848975000000    -0.069782355000000
1 57
     0.004307045000000     0.000000000000000    -0.000000000000000
    -0.000000000000000     0.001549755000000     0.000000000000000
     0.000000000000000    -0.000000000000000     0.007852165000000
1 58
    -0.000250535000000     0.000000000000000    -0.001540377500000
     0.000000000000000     0.003380645000000    -0.000000000000000
    -0.001540377500000    -0.000000000000000    -0.000250535000000
1 59
     0.000000092000000     0.000000000000000     0.000000000000000
    -0.000000000000000     0.000000092000000     0.000000000000000
     0.000000000000000    -0.000000000000000     0.000000092000000
1 60
    -0.000250535000000     0.000000000000000     0.001540377500000
     0.000000000000000     0.003380645000000    -0.000000000000000
     0.001540377500000    -0.000000000000000    -0.000250535000000
1 61
     0.108732095000000    -0.000000000000000     0.000000000000000
    -0.000000000000000    -0.142632405000000    -0.105298400000000
     0.000000000000000    -0.105298400000000    -0.142632405000000
1 62
    -0.069782355000000     0.099848975000000     0.099848975000000
     0.099848975000000    -0.069782355000000    -0.099848975000000
     0.099848975000000    -0.099848975000000    -0.069782355000000
1 63
     0.003380645000000     0.000000000000000     0.000000000000000
    -0.000000000000000    -0.000250535000000     0.001540377500000
     0.000000000000000     0.001540377500000    -0.000250535000000
1 64
    -0.069782355000000    -0.099848975000000    -0.099848975000000
    -0.099848975000000    -0.069782355000000    -0.099848975000000
    -0.099848975000000    -0.099848975000000    -0.069782355000000
1 65
    -0.890498405000000    -0.517282500000000    -0.517282500000000
    -0.517282500000000    -0.890498405000000    -0.517282500000000
    -0.517282500000000    -0.517282500000000    -0.890498405000000
1 66
     0.036184645000000    -0.008807297500000    -0.008807297500000
    -0.008448252500000     0.013735145000000    -0.026675900000000
    -0.008448252500000    -0.026675900000000     0.013735145000000
1 67
     0.036184645000000     0.008807297500000     0.008807297500000
     0.008448252500000     0.013735145000000    -0.026675900000000
     0.008448252500000    -0.026675900000000     0.013735145000000
1 68
    -0.890498405000000     0.517282500000000     0.517282500000000
     0.517282500000000    -0.890498405000000    -0.517282500000000
     0.517282500000000    -0.517282500000000    -0.890498405000000
1 69
     0.013735145000000    -0.008448252500000    -0.026675900000000
    -0.008807297500000     0.036184645000000    -0.008807297500000
    -0.026675900000000    -0.008448252500000     0.013735145000000
1 70
     0.009237370000000     0.006163335000000    -0.001596701250000
     0.006163335000000     0.009237370000000    -0.001596701250000
    -0.001870195000000    -0.001870195000000     0.006042870000000
1 71
     0.009237370000000    -0.006163335000000     0.001596701250000
    -0.006163335000000     0.009237370000000    -0.001596701250000
     0.001870195000000    -0.001870195000000     0.006042870000000
1 72
     0.013735145000000     0.008448252500000     0.026675900000000
     0.008807297500000     0.036184645000000    -0.008807297500000
     0.026675900000000    -0.008448252500000     0.013735145000000
1 73
     0.013735145000000     0.008448252500000    -0.026675900000000
     0.008807297500000     0.036184645000000     0.008807297500000
    -0.026675900000000     0.008448252500000     0.013735145000000
1 74
     0.009237370000000    -0.006163335000000    -0.001596701250000
    -0.006163335000000     0.009237370000000     0.001596701250000
    -0.001870195000000     0.001870195000000     0.006042870000000
1 75
     0.009237370000000     0.006163335000000     0.001596701250000
     0.006163335000000     0.009237370000000     0.001596701250000
     0.001870195000000     0.001870195000000     0.006042870000000
1 76
     0.013735145000000    -0.008448252500000     0.026675900000000
    -0.008807297500000     0.036184645000000     0.008807297500000
     0.026675900000000     0.008448252500000     0.013735145000000
1 77
    -0.890498405000000     0.517282500000000    -0.517282500000000
     0.517282500000000    -0.890498405000000     0.517282500000000
    -0.517282500000000     0.517282500000000    -0.890498405000000
1 78
     0.036184645000000     0.008807297500000    -0.008807297500000
     0.008448252500000     0.013735145000000     0.026675900000000
    -0.008448252500000     0.026675900000000     0.013735145000000
1 79
     0.036184645000000    -0.008807297500000     0.008807297500000
    -0.008448252500000     0.013735145000000     0.026675900000000
     0.008448252500000     0.026675900000000     0.013735145000000
1 80
    -0.890498405000000    -0.517282500000000     0.517282500000000
    -0.517282500000000    -0.890498405000000     0.517282500000000
     0.517282500000000     0.517282500000000    -0.890498405000000
1 81
     0.013735145000000    -0.026675900000000    -0.008448252500000
    -0.026675900000000     0.013735145000000    -0.008448252500000
    -0.008807297500000    -0.008807297500000     0.036184645000000
1 82
     0.009237370000000    -0.001596701250000     0.006163335000000
    -0.001870195000000     0.006042870000000    -0.001870195000000
     0.006163335000000    -0.001596701250000     0.009237370000000
1 83
     0.009237370000000     0.001596701250000    -0.006163335000000
     0.001870195000000     0.006042870000000    -0.001870195000000
    -0.006163335000000    -0.001596701250000     0.009237370000000
1 84
     0.013735145000000     0.026675900000000     0.008448252500000
     0.026675900000000     0.013735145000000    -0.008448252500000
     0.008807297500000    -0.008807297500000     0.036184645000000
1 85
     0.006042870000000    -0.001870195000000    -0.001870195000000
    -0.001596701250000     0.009237370000000     0.006163335000000
    -0.001596701250000     0.006163335000000     0.009237370000000
1 86
     0.000000098000000    -0.000000000000000    -0.000000000000000
    -0.000000000000000     0.000000098000000     0.000000000000000
     0.000000000000000    -0.000000000000000     0.000000098000000
1 87
     0.000000098000000    -0.000000000000000    -0.000000000000000
    -0.000000000000000     0.000000098000000     0.000000000000000
     0.000000000000000    -0.000000000000000     0.000000098000000
1 88
     0.006042870000000     0.001870195000000     0.001870195000000
     0.001596701250000     0.009237370000000     0.006163335000000
     0.001596701250000     0.006163335000000     0.009237370000000
1 89
     0.006042870000000     0.001870195000000    -0.001870195000000
     0.001596701250000     0.009237370000000    -0.006163335000000
    -0.001596701250000    -0.006163335000000     0.009237370000000
1 90
     0.000000098000000    -0.000000000000000    -0.000000000000000
    -0.000000000000000     0.000000098000000     0.000000000000000
     0.000000000000000    -0.000000000000000     0.000000098000000
1 91
     0.000000098000000    -0.000000000000000    -0.000000000000000
    -0.000000000000000     0.000000098000000     0.000000000000000
     0.000000000000000    -0.000000000000000     0.000000098000000
1 92
     0.006042870000000    -0.001870195000000     0.001870195000000
    -0.001596701250000     0.009237370000000    -0.006163335000000
     0.001596701250000    -0.006163335000000     0.009237370000000
1 93
     0.013735145000000     0.026675900000000    -0.008448252500000
     0.026675900000000     0.013735145000000     0.008448252500000
    -0.008807297500000     0.008807297500000     0.036184645000000
1 94
     0.009237370000000     0.001596701250000     0.006163335000000
     0.001870195000000     0.006042870000000     0.001870195000000
     0.006163335000000     0.001596701250000     0.009237370000000
1 95
     0.009237370000000    -0.001596701250000    -0.006163335000000
    -0.001870195000000     0.006042870000000     0.001870195000000
    -0.006163335000000     0.001596701250000     0.009237370000000
1 96
     0.013735145000000    -0.026675900000000     0.008448252500000
    -0.026675900000000     0.013735145000000     0.008448252500000
     0.008807297500000     0.008807297500000     0.036184645000000
1 97
     0.013735145000000    -0.026675900000000     0.008448252500000
    -0.026675900000000     0.013735145000000     0.008448252500000
     0.008807297500000     0.008807297500000     0.036184645000000
1 98
     0.009237370000000    -0.001596701250000    -0.006163335000000
    -0.001870195000000     0.006042870000000     0.001870195000000
    -0.006163335000000     0.001596701250000     0.009237370000000
1 99
     0.009237370000000     0.001596701250000     0.006163335000000
     0.001870195000000     0.006042870000000     0.001870195000000
     0.006163335000000     0.001596701250000     0.009237370000000
1 100
     0.013735145000000     0.026675900000000    -0.008448252500000
     0.026675900000000     0.013735145000000     0.008448252500000
    -0.008807297500000     0.008807297500000     0.036184645000000
1 101
     0.006042870000000    -0.001870195000000     0.001870195000000
    -0.001596701250000     0.009237370000000    -0.006163335000000
     0.001596701250000    -0.006163335000000     0.009237370000000
1 102
     0.000000098000000    -0.000000000000000    -0.000000000000000
    -0.000000000000000     0.000000098000000     0.000000000000000
     0.000000000000000    -0.000000000000000     0.000000098000000
1 103
     0.000000098000000    -0.000000000000000    -0.000000000000000
    -0.000000000000000     0.000000098000000     0.000000000000000
     0.000000000000000    -0.000000000000000     0.000000098000000
1 104
     0.006042870000000     0.001870195000000    -0.001870195000000
     0.001596701250000     0.009237370000000    -0.006163335000000
    -0.001596701250000    -0.006163335000000     0.009237370000000
1 105
     0.006042870000000     0.001870195000000     0.001870195000000
     0.001596701250000     0.009237370000000     0.006163335000000
     0.001596701250000     0.006163335000000     0.009237370000000
1 106
     0.000000098000000    -0.000000000000000    -0.000000000000000
    -0.000000000000000     0.000000098000000     0.000000000000000
     0.000000000000000    -0.000000000000000     0.000000098000000
1 107
     0.000000098000000    -0.000000000000000    -0.000000000000000
    -0.000000000000000     0.000000098000000     0.000000000000000
     0.000000000000000    -0.000000000000000     0.000000098000000
1 108
     0.006042870000000    -0.001870195000000    -0.001870195000000
    -0.001596701250000     0.009237370000000     0.006163335000000
    -0.001596701250000     0.006163335000000     0.009237370000000
1 109
     0.013735145000000     0.026675900000000     0.008448252500000
     0.026675900000000     0.013735145000000    -0.008448252500000
     0.008807297500000    -0.008807297500000     0.036184645000000
1 110
     0.009237370000000     0.001596701250000    -0.006163335000000
     0.001870195000000     0.006042870000000    -0.001870195000000
    -0.006163335000000    -0.001596701250000     0.009237370000000
1 111
     0.009237370000000    -0.001596701250000     0.006163335000000
    -0.001870195000000     0.006042870000000    -0.001870195000000
     0.006163335000000    -0.001596701250000     0.009237370000000
1 112
     0.013735145000000    -0.026675900000000    -0.008448252500000
    -0.026675900000000     0.013735145000000    -0.008448252500000
    -0.008807297500000    -0.008807297500000     0.036184645000000
1 113
    -0.890498405000000    -0.517282500000000     0.517282500000000
    -0.517282500000000    -0.890498405000000     0.517282500000000
     0.517282500000000     0.517282500000000    -0.890498405000000
1 114
     0.036184645000000    -0.008807297500000     0.008807297500000
    -0.008448252500000     0.013735145000000     0.026675900000000
     0.008448252500000     0.026675900000000     0.013735145000000
1 115
     0.036184645000000     0.008807297500000    -0.008807297500000
     0.008448252500000     0.013735145000000     0.026675900000000
    -0.008448252500000     0.026675900000000     0.013735145000000
1 116
    -0.890498405000000     0.517282500000000    -0.517282500000000
     0.517282500000000    -0.890498405000000     0.517282500000000
    -0.517282500000000     0.517282500000000    -0.890498405000000
1 117
     0.013735145000000    -0.008448252500000     0.026675900000000
    -0.008807297500000     0.036184645000000     0.008807297500000
     0.026675900000000     0.008448252500000     0.013735145000000
1 118
     0.009237370000000     0.006163335000000     0.001596701250000
     0.006163335000000     0.009237370000000     0.001596701250000
     0.001870195000000     0.001870195000000     0.006042870000000
1 119
     0.009237370000000    -0.006163335000000    -0.001596701250000
    -0.006163335000000     0.009237370000000     0.001596701250000
    -0.001870195000000     0.001870195000000     0.006042870000000
1 120
     0.013735145000000     0.008448252500000    -0.026675900000000
     0.008807297500000     0.036184645000000     0.008807297500000
    -0.026675900000000     0.008448252500000     0.013735145000000
1 121
     0.013735145000000     0.008448252500000     0.026675900000000
     0.008807297500000     0.036184645000000    -0.008807297500000
     0.026675900000000    -0.008448252500000     0.013735145000000
1 122
     0.009237370000000    -0.006163335000000     0.001596701250000
    -0.006163335000000     0.009237370000000    -0.001596701250000
     0.001870195000000    -0.001870195000000     0.006042870000000
1 123
     0.009237370000000     0.006163335000000    -0.001596701250000
     0.006163335000000     0.009237370000000    -0.001596701250000
    -0.001870195000000    -0.001870195000000     0.006042870000000
1 124
     0.013735145000000    -0.008448252500000    -0.026675900000000
    -0.008807297500000     0.036184645000000    -0.008807297500000
    -0.026675900000000    -0.008448252500000     0.013735145000000
1 125
    -0.890498405000000     0.517282500000000     0.517282500000000
     0.517282500000000    -0.890498405000000    -0.517282500000000
     0.517282500000000    -0.517282500000000    -0.890498405000000
1 126
     0.036184645000000     0.008807297500000     0.008807297500000
     0.008448252500000     0.013735145000000    -0.026675900000000
     0.008448252500000    -0.026675900000000     0.013735145000000
1 127
     0.036184645000000    -0.008807297500000    -0.008807297500000
    -0.008448252500000     0.013735145000000    -0.026675900000000
    -0.008448252500000    -0.026675900000000     0.013735145000000
1 128
    -0.890498405000000    -0.517282500000000    -0.517282500000000
    -0.517282500000000    -0.890498405000000    -0.517282500000000
    -0.517282500000000    -0.517282500000000    -0.890498405000000